"{""chat"": [{""sex"": ""1"", ""content"": ""把名字告诉我，送你一个礼物""}, {""sex"": ""2"", ""content"": ""送什么礼物？""}, {""sex"": ""1"", ""content"": ""送你一个备注（开场）""}], ""lock"": 1}"
"{""chat"": [{""sex"": ""2"", ""content"": ""你好你好""}, {""sex"": ""1"", ""content"": ""你在的话就更好了""}, {""sex"": ""1"", ""content"": ""你好，我寻找已久的梦中人""}, {""sex"": ""1"", ""content"": ""你是想问路呢？还是想推销呢？还是想认识帅哥呢？""}, {""sex"": ""1"", ""content"": ""Im fine thanks,and you?""}, {""sex"": ""1"", ""content"": ""不要跟我说你好，这会是我们爱情的开始""}], ""lock"": 1}"
"{""chat"": [{""sex"": ""2"", ""content"": ""你是个好孩子""}, {""sex"": ""1"", ""content"": ""我会乖乖的，你会领养我吗？""}, {""sex"": ""1"", ""content"": ""我不光是个好孩子，我还会是你的好老公。""}], ""lock"": 1}"
"{""chat"": [{""sex"": ""2"", ""content"": ""你你你……""}, {""sex"": ""1"", ""content"": ""我什么我，我就喜欢你怎么了。""}, {""sex"": ""1"", ""content"": ""我知道我帅，但是你没必要结巴。""}], ""lock"": 1}"
"{""chat"": [{""sex"": ""2"", ""content"": ""有你妹""}, {""sex"": ""1"", ""content"": ""女孩子要温柔一点才可爱哦。""}, {""sex"": ""1"", ""content"": ""我没有妹妹，但我想要有女朋友。""}], ""lock"": 1}"
"{""chat"": [{""sex"": ""2"", ""content"": ""看看你呗""}, {""sex"": ""1"", ""content"": ""你是想正着看反着看近着看还是远着看？""}, {""sex"": ""1"", ""content"": ""我又不是动物园的猴子，禁止围观！""}], ""lock"": 1}"
"{""chat"": [{""sex"": ""2"", ""content"": ""妈妈去世了""}, {""sex"": ""1"", ""content"": ""妈妈现在一定想看到你坚强的样子""}, {""sex"": ""1"", ""content"": ""我知道你很难过，但有我在呢，我会一直陪着你""}], ""lock"": 1}"
"{""chat"": [{""sex"": ""2"", ""content"": ""你说的是你吗""}, {""sex"": ""1"", ""content"": ""不是，是你的男朋友。""}, {""sex"": ""1"", ""content"": ""如假包换，你可以来亲自验货哦。""}], ""lock"": 1}"
"{""chat"": [{""sex"": ""2"", ""content"": ""你信啥啊""}, {""sex"": ""1"", ""content"": ""我信我喜欢你的人是我。""}, {""sex"": ""1"", ""content"": ""我信我能喜欢上你。""}], ""lock"": 1}"
"{""chat"": [{""sex"": ""2"", ""content"": ""我带你吗""}, {""sex"": ""1"", ""content"": ""带带我呗。""}, {""sex"": ""1"", ""content"": ""你如果不带我，你良心不痛吗。""}], ""lock"": 1}"
"{""chat"": [{""sex"": ""2"", ""content"": ""下班了，你呢？""}, {""sex"": ""1"", ""content"": ""好巧，我也下班了，要不一起吃顿饭？""}, {""sex"": ""1"", ""content"": ""在等你下班呢。""}], ""lock"": 1}"
"{""chat"": [{""sex"": ""2"", ""content"": ""你在搞笑呢""}, {""sex"": ""1"", ""content"": ""没有啊，我在认真的逗你笑呢。""}, {""sex"": ""1"", ""content"": ""那请问你笑了没有""}], ""lock"": 1}"
"{""chat"": [{""sex"": ""2"", ""content"": ""等你来约我呀！""}, {""sex"": ""1"", ""content"": ""我现在约你了，你答应吗。""}, {""sex"": ""1"", ""content"": ""美女，你约吗？""}], ""lock"": 1}"
"{""chat"": [{""sex"": ""2"", ""content"": ""请你吃饭？""}, {""sex"": ""1"", ""content"": ""我请你也行啊。""}, {""sex"": ""1"", ""content"": ""难道请我吃饭是很为难的事吗？""}], ""lock"": 1}"
"{""chat"": [{""sex"": ""2"", ""content"": ""反正我不嫁给你了""}, {""sex"": ""1"", ""content"": ""那我娶你好了。""}, {""sex"": ""1"", ""content"": ""那我嫁给你好了。""}], ""lock"": 1}"
"{""chat"": [{""sex"": ""2"", ""content"": ""你夸夸我先""}, {""sex"": ""1"", ""content"": ""我要怎么夸你才不显庸俗呢。""}, {""sex"": ""1"", ""content"": ""那你先让我找个词好好夸你成不。""}], ""lock"": 1}"
"{""chat"": [{""sex"": ""2"", ""content"": ""你好呀""}, {""sex"": ""1"", ""content"": ""你让我想起了我的幼儿园老师""}, {""sex"": ""2"", ""content"": ""为什么？""}, {""sex"": ""1"", ""content"": ""小时候她总会逼我跟她说你好呀""}], ""lock"": 1}"
"{""chat"": [{""sex"": ""2"", ""content"": ""哎呀呀！""}, {""sex"": ""1"", ""content"": ""哦啊巴巴巴巴~""}, {""sex"": ""1"", ""content"": ""怎么啦，这么大惊小怪干嘛呀。""}], ""lock"": 1}"
"{""chat"": [{""sex"": ""2"", ""content"": ""你多高啊？""}, {""sex"": ""1"", ""content"": ""天塌下来，能够帮你挡住的身高。""}, {""sex"": ""1"", ""content"": ""你踮起脚尖刚好可以吻到我。""}], ""lock"": 1}"
"{""chat"": [{""sex"": ""2"", ""content"": ""我喜欢你你信吗""}, {""sex"": ""1"", ""content"": ""我要说不信，你信吗？""}, {""sex"": ""1"", ""content"": ""被你喜欢上，我可能有点要怀疑自己了。""}], ""lock"": 1}"
"{""chat"": [{""sex"": ""2"", ""content"": ""那你找""}, {""sex"": ""1"", ""content"": ""我这不是已经找到你了吗？""}, {""sex"": ""1"", ""content"": ""找到你是我最大的幸运了。""}], ""lock"": 1}"
"{""chat"": [{""sex"": ""2"", ""content"": ""我找对象""}, {""sex"": ""1"", ""content"": ""你终于找到我了，让我等了这么久。""}, {""sex"": ""1"", ""content"": ""你现在找到我了，你就不用再找了。""}], ""lock"": 1}"
"{""chat"": [{""sex"": ""2"", ""content"": ""打我？""}, {""sex"": ""1"", ""content"": ""前提是我能打得过你啊。""}, {""sex"": ""1"", ""content"": ""我看我的样子像是舍得打你吗。""}], ""lock"": 1}"
"{""chat"": [{""sex"": ""2"", ""content"": ""够了哈""}, {""sex"": ""1"", ""content"": ""爱你可是一点都不够啊。""}, {""sex"": ""1"", ""content"": ""对你怎么都爱不够""}], ""lock"": 1}"
"{""chat"": [{""sex"": ""2"", ""content"": ""，很想靠近你""}, {""sex"": ""1"", ""content"": ""别想了，赶紧过来！""}, {""sex"": ""1"", ""content"": ""除了靠近，难道就没有其他吗？""}], ""lock"": 1}"
"{""chat"": [{""sex"": ""2"", ""content"": ""你很有想法呀""}, {""sex"": ""1"", ""content"": ""这些想法的最终结果都是喜欢上你。""}, {""sex"": ""1"", ""content"": ""这些想法都是有关于你的。""}], ""lock"": 1}"
"{""chat"": [{""sex"": ""2"", ""content"": ""仙女是谁""}, {""sex"": ""1"", ""content"": ""仙女不是你吗，还能是谁啊""}, {""sex"": ""1"", ""content"": ""除了你，我想不到其他人了。""}], ""lock"": 1}"
"{""chat"": [{""sex"": ""2"", ""content"": ""吃饱就犯困""}, {""sex"": ""1"", ""content"": ""一看就知道你肯定是猪猪转世。""}, {""sex"": ""1"", ""content"": ""小懒猪，既然困了就到我怀里来睡一觉吧。""}], ""lock"": 1}"
"{""chat"": [{""sex"": ""2"", ""content"": ""你是不是有点傻""}, {""sex"": ""1"", ""content"": ""哪里傻了，明明是聪明呢。""}, {""sex"": ""1"", ""content"": ""再傻也没有你傻呀。""}], ""lock"": 1}"
"{""chat"": [{""sex"": ""2"", ""content"": ""不应该吗""}, {""sex"": ""1"", ""content"": ""当然不应该了，你得好好待在我身边才行""}, {""sex"": ""1"", ""content"": ""没有应不应该，你觉得可以就好啦""}], ""lock"": 1}"
"{""chat"": [{""sex"": ""2"", ""content"": ""你是在说我吗""}, {""sex"": ""1"", ""content"": ""是啊，你听到我的心在喊你了吗""}, {""sex"": ""1"", ""content"": ""我嘴里除了你还能是谁啊。""}], ""lock"": 1}"
"{""chat"": [{""sex"": ""2"", ""content"": ""是不是真的啊""}, {""sex"": ""1"", ""content"": ""比珍珠还要真呢。""}, {""sex"": ""1"", ""content"": ""骗你又没有糖吃，当然是真的了。""}], ""lock"": 1}"
"{""chat"": [{""sex"": ""2"", ""content"": ""快乐都是你们的""}, {""sex"": ""1"", ""content"": ""我的快乐不都是与你相关吗！""}, {""sex"": ""1"", ""content"": ""你快乐了，我才能快乐呀。""}], ""lock"": 1}"
"{""chat"": [{""sex"": ""2"", ""content"": ""暗示你什么？""}, {""sex"": ""1"", ""content"": ""暗示我可以喜欢你啊！""}, {""sex"": ""1"", ""content"": ""那得看你想给我暗示我什么了。""}], ""lock"": 1}"
"{""chat"": [{""sex"": ""2"", ""content"": ""就是想你啊""}, {""sex"": ""1"", ""content"": ""那麻烦请使劲想我，不小心我就出现了呢。""}, {""sex"": ""1"", ""content"": ""你的思念我收到了，我会收好的。""}], ""lock"": 1}"
"{""chat"": [{""sex"": ""2"", ""content"": ""请问你是猪吗""}, {""sex"": ""1"", ""content"": ""哼哼哼，那也是最帅的小猪猪，哼""}, {""sex"": ""1"", ""content"": ""是啊，我是盖了你名字的小猪""}], ""lock"": 1}"
"{""chat"": [{""sex"": ""2"", ""content"": ""你怎么这么好啊""}, {""sex"": ""1"", ""content"": ""对喜欢的人好是天经地义的事。""}, {""sex"": ""1"", ""content"": ""这样你才能死心塌地爱上我啊。""}], ""lock"": 1}"
"{""chat"": [{""sex"": ""2"", ""content"": ""你怎么那么忙""}, {""sex"": ""1"", ""content"": ""如果不忙，怎么养你啊。""}, {""sex"": ""1"", ""content"": ""忙着为我们的未来努力呢。""}], ""lock"": 1}"
"{""chat"": [{""sex"": ""2"", ""content"": ""我一直这么可爱""}, {""sex"": ""1"", ""content"": ""我喜欢的人当然是可爱的啦。""}, {""sex"": ""1"", ""content"": ""对啊，这么可爱也就只有我欣赏。""}], ""lock"": 1}"
"{""chat"": [{""sex"": ""2"", ""content"": ""算什么""}, {""sex"": ""1"", ""content"": ""你说算什么就算什么""}, {""sex"": ""1"", ""content"": ""你当然是算我女朋友了""}], ""lock"": 1}"
"{""chat"": [{""sex"": ""2"", ""content"": ""怎么看呀""}, {""sex"": ""1"", ""content"": ""想怎么看就怎么看咯。""}, {""sex"": ""1"", ""content"": ""怎么看都可以看出来你好看。""}], ""lock"": 1}"
"{""chat"": [{""sex"": ""2"", ""content"": ""怎么教呀""}, {""sex"": ""1"", ""content"": ""当然是手把手教了呀。""}, {""sex"": ""1"", ""content"": ""这你不用担心，你用心学就好了。""}], ""lock"": 1}"
"{""chat"": [{""sex"": ""2"", ""content"": ""你开心什么""}, {""sex"": ""1"", ""content"": ""光是想到你我就觉得很开心了。""}, {""sex"": ""1"", ""content"": ""没什么，就是一想到你我就开心得冒泡。""}], ""lock"": 1}"
"{""chat"": [{""sex"": ""2"", ""content"": ""笑那么开心""}, {""sex"": ""1"", ""content"": ""因为有你啊，一想到你我就觉得很开心。""}, {""sex"": ""1"", ""content"": ""人生那么短，要开心地笑着度过。""}], ""lock"": 1}"
"{""chat"": [{""sex"": ""2"", ""content"": ""有什么可开心的""}, {""sex"": ""1"", ""content"": ""遇到你这个仙女难道不值得我开心吗？""}, {""sex"": ""1"", ""content"": ""我就是想这么开心一下而已。""}], ""lock"": 1}"
"{""chat"": [{""sex"": ""2"", ""content"": ""你在忙什么呢？""}, {""sex"": ""1"", ""content"": ""为了生活，我四处奔波呀。""}, {""sex"": ""1"", ""content"": ""最近啊，忙着为我们的未来生活努力呢""}], ""lock"": 1}"
"{""chat"": [{""sex"": ""2"", ""content"": ""你怎么啦？""}, {""sex"": ""1"", ""content"": ""遇见你之后我才发现什么叫做喜欢。""}, {""sex"": ""1"", ""content"": ""没事啊，就是喜欢上你了。""}], ""lock"": 1}"
"{""chat"": [{""sex"": ""2"", ""content"": ""你想怎么行动""}, {""sex"": ""1"", ""content"": ""当然是心动不如行动啦。""}, {""sex"": ""1"", ""content"": ""还能怎么行动，抓紧行动呀。""}], ""lock"": 1}"
"{""chat"": [{""sex"": ""2"", ""content"": ""为什么要想呢""}, {""sex"": ""1"", ""content"": ""我为什么不这么想呢""}, {""sex"": ""1"", ""content"": ""你给我一个念想让我不这么想。""}], ""lock"": 1}"
"{""chat"": [{""sex"": ""2"", ""content"": ""这么晚还不睡？""}, {""sex"": ""1"", ""content"": ""你这不也还没睡吗""}, {""sex"": ""1"", ""content"": ""想等等你，这样梦里又可以见到你""}], ""lock"": 1}"
"{""chat"": [{""sex"": ""2"", ""content"": ""你这么晚了还不睡""}, {""sex"": ""1"", ""content"": ""不知道为什么一想到你就完全没睡意了。""}, {""sex"": ""1"", ""content"": ""你也不是还没睡吗。""}], ""lock"": 1}"
"{""chat"": [{""sex"": ""2"", ""content"": ""工作烦恼""}, {""sex"": ""1"", ""content"": ""工作要是没有烦恼就不叫工作啦""}, {""sex"": ""1"", ""content"": ""有什么烦恼可以跟我说说哦，或许我能帮你排忧解难""}], ""lock"": 1}"
"{""chat"": [{""sex"": ""2"", ""content"": ""正经工作""}, {""sex"": ""1"", ""content"": ""正经人当然要做正经工作了。""}, {""sex"": ""1"", ""content"": ""小仙女怎么可能做不正经的工作嘛。""}], ""lock"": 1}"
"{""chat"": [{""sex"": ""2"", ""content"": ""好巧""}, {""sex"": ""1"", ""content"": ""对啊，看来老天爷有意让我们有这么多巧合啊""}, {""sex"": ""1"", ""content"": ""你信不信所有的巧合都是上天注定""}, {""sex"": ""1"", ""content"": ""那的确实很巧啊""}], ""lock"": 1}"
"{""chat"": [{""sex"": ""2"", ""content"": ""那还真巧""}, {""sex"": ""1"", ""content"": ""或许这就是传说中的缘分吧。""}, {""sex"": ""1"", ""content"": ""世界上怎么会如此凑巧的呢。""}], ""lock"": 1}"
"{""chat"": [{""sex"": ""2"", ""content"": ""那么甜""}, {""sex"": ""1"", ""content"": ""也就只能是你让我觉得甜了。""}, {""sex"": ""1"", ""content"": ""那还不是因为你自己太过于甜了。""}], ""lock"": 1}"
"{""chat"": [{""sex"": ""2"", ""content"": ""没问题啊""}, {""sex"": ""1"", ""content"": ""没问题那咱们就走吧，民政局""}, {""sex"": ""1"", ""content"": ""既然都没问题了，那我就登门提亲了""}], ""lock"": 1}"
"{""chat"": [{""sex"": ""2"", ""content"": ""昨晚睡的比较早""}, {""sex"": ""1"", ""content"": ""小仙女的睡眠习惯真好。""}, {""sex"": ""1"", ""content"": ""那么早睡，是想早点到梦乡里见我吗？""}], ""lock"": 1}"
"{""chat"": [{""sex"": ""2"", ""content"": ""达成一致""}, {""sex"": ""1"", ""content"": ""能跟小仙女达成一致真是太好了。""}, {""sex"": ""1"", ""content"": ""我们达成一致了，看来我们很有默契呢。""}], ""lock"": 1}"
"{""chat"": [{""sex"": ""2"", ""content"": ""准备什么时候睡觉""}, {""sex"": ""1"", ""content"": ""你准备什么时候和我说晚安。""}, {""sex"": ""1"", ""content"": ""你想什么时候梦到我呢？""}], ""lock"": 1}"
"{""chat"": [{""sex"": ""2"", ""content"": ""那你什么时候来""}, {""sex"": ""1"", ""content"": ""那你准备什么时候欢迎我呢？""}, {""sex"": ""1"", ""content"": ""我已经马不停蹄的在路上啦。""}], ""lock"": 1}"
"{""chat"": [{""sex"": ""2"", ""content"": ""你又帮不了我""}, {""sex"": ""1"", ""content"": ""不试试怎么知道我帮不了你呢。""}, {""sex"": ""1"", ""content"": ""但是我可以帮你喜欢我。""}], ""lock"": 1}"
"{""chat"": [{""sex"": ""2"", ""content"": ""我需要你帮助我""}, {""sex"": ""1"", ""content"": ""只要你需要我，我就会出现在你身边。""}, {""sex"": ""1"", ""content"": ""怎么啦，小仙女需要我怎么帮你？""}], ""lock"": 1}"
"{""chat"": [{""sex"": ""2"", ""content"": ""该有的样子""}, {""sex"": ""1"", ""content"": ""放心吧，我会表现出男朋友该有的样子。""}, {""sex"": ""1"", ""content"": ""谈个恋爱就知道什么是该有的样子了。""}], ""lock"": 1}"
"{""chat"": [{""sex"": ""2"", ""content"": ""这么忙吗""}, {""sex"": ""1"", ""content"": ""再忙也没忘记想你。""}, {""sex"": ""1"", ""content"": ""这不是忙着想你呢。""}], ""lock"": 1}"
"{""chat"": [{""sex"": ""2"", ""content"": ""哪不好了""}, {""sex"": ""1"", ""content"": ""那你说哪儿好了。""}, {""sex"": ""1"", ""content"": ""你还不是我女朋友，一点都不好。""}], ""lock"": 1}"
"{""chat"": [{""sex"": ""2"", ""content"": ""我真的服你了""}, {""sex"": ""1"", ""content"": ""是不是佩服得五体投地了？""}, {""sex"": ""1"", ""content"": ""讨厌，你这么说我会害羞的。""}], ""lock"": 1}"
"{""chat"": [{""sex"": ""2"", ""content"": ""没事删了""}, {""sex"": ""1"", ""content"": ""有事有事，我是来应聘做你男朋友的。""}, {""sex"": ""1"", ""content"": ""在茫茫人海中相遇，也是一种缘分，怎么能说删就删呢？""}], ""lock"": 1}"
"{""chat"": [{""sex"": ""2"", ""content"": ""删掉我""}, {""sex"": ""1"", ""content"": ""我不会删了你的，我还会把你置顶""}, {""sex"": ""1"", ""content"": ""我可舍不得删了你，何况删好友是小学生才会做的事""}], ""lock"": 1}"
"{""chat"": [{""sex"": ""2"", ""content"": ""快飘了你""}, {""sex"": ""1"", ""content"": ""那你可要抓紧我呦。""}, {""sex"": ""1"", ""content"": ""随风飘摇啊。""}], ""lock"": 1}"
"{""chat"": [{""sex"": ""2"", ""content"": ""有点飘啊""}, {""sex"": ""1"", ""content"": ""飘进你心里好不好？""}, {""sex"": ""1"", ""content"": ""是你给我飘的底气。""}], ""lock"": 1}"
"{""chat"": [{""sex"": ""2"", ""content"": ""饿了么""}, {""sex"": ""1"", ""content"": ""你这是要点外卖的节奏啊。""}, {""sex"": ""1"", ""content"": ""有点饿，晚上要不要一起去吃""}], ""lock"": 1}"
"{""chat"": [{""sex"": ""2"", ""content"": ""加了这么久还不知道你名字呢""}, {""sex"": ""1"", ""content"": ""名字什么都是个代号，只是遇见你的契机罢了。""}, {""sex"": ""1"", ""content"": ""下次我们见面了，我当面和你说如何？""}], ""lock"": 1}"
"{""chat"": [{""sex"": ""2"", ""content"": ""喝王老吉会醉？""}, {""sex"": ""1"", ""content"": ""几个菜啊喝成这样？""}, {""sex"": ""1"", ""content"": ""我只是醉在你的笑容里罢了。""}], ""lock"": 1}"
"{""chat"": [{""sex"": ""2"", ""content"": ""起床了没""}, {""sex"": ""1"", ""content"": ""没想到你比我还早起床""}, {""sex"": ""1"", ""content"": ""你起这么早就是为了喊我起床吗""}], ""lock"": 1}"
"{""chat"": [{""sex"": ""2"", ""content"": ""我得起床了""}, {""sex"": ""1"", ""content"": ""你再不起床就成小猪猪了。""}, {""sex"": ""1"", ""content"": ""太阳差点晒屁股了，你是时候起床了。""}], ""lock"": 1}"
"{""chat"": [{""sex"": ""2"", ""content"": ""太快了吧.。。。""}, {""sex"": ""1"", ""content"": ""原来你喜欢慢的啊！""}, {""sex"": ""1"", ""content"": ""不快点我怕你被人抢走了。""}], ""lock"": 1}"
"{""chat"": [{""sex"": ""2"", ""content"": ""听懂了吗""}, {""sex"": ""1"", ""content"": ""都是我太笨了，这都不懂。""}, {""sex"": ""1"", ""content"": ""不懂啊，小仙女能不能为我解释解释？""}], ""lock"": 1}"
"{""chat"": [{""sex"": ""2"", ""content"": ""网恋不靠谱""}, {""sex"": ""1"", ""content"": ""那我们出来见个面，就不是网恋了。""}, {""sex"": ""1"", ""content"": ""虽然网恋感觉让人不靠谱，但我会让你相信我的""}], ""lock"": 1}"
"{""chat"": [{""sex"": ""2"", ""content"": ""怕长胖""}, {""sex"": ""1"", ""content"": ""怕什么，不管你什么样子我都喜欢！""}, {""sex"": ""1"", ""content"": ""胖点我妈可能比较喜欢呢。""}], ""lock"": 1}"
"{""chat"": [{""sex"": ""2"", ""content"": ""怕长胖呀。""}, {""sex"": ""1"", ""content"": ""没事啊，你胖点我妈会很喜欢的。""}, {""sex"": ""1"", ""content"": ""怕什么，不管你什么样子我都喜欢！""}], ""lock"": 1}"
"{""chat"": [{""sex"": ""2"", ""content"": ""胖死我""}, {""sex"": ""1"", ""content"": ""哪胖了？明明这么可爱。""}, {""sex"": ""1"", ""content"": ""胖点多好，听说胖的人比较长寿。""}], ""lock"": 1}"
"{""chat"": [{""sex"": ""2"", ""content"": ""我很晚睡""}, {""sex"": ""1"", ""content"": ""为什么还不睡，难道你不想和我梦中相见吗？""}, {""sex"": ""1"", ""content"": ""难怪我昨天等了半天晚安没来呢。""}], ""lock"": 1}"
"{""chat"": [{""sex"": ""2"", ""content"": ""不晓得不晓得""}, {""sex"": ""1"", ""content"": ""你都不晓得，这事得多神秘啊""}, {""sex"": ""1"", ""content"": ""小仙女这么聪明都不晓得吗？""}], ""lock"": 1}"
"{""chat"": [{""sex"": ""2"", ""content"": ""馋馋你""}, {""sex"": ""1"", ""content"": ""你这么诱惑我真的会出事的。""}, {""sex"": ""1"", ""content"": ""我已经开始有点受不了。""}], ""lock"": 1}"
"{""chat"": [{""sex"": ""2"", ""content"": ""喝醉了？""}, {""sex"": ""1"", ""content"": ""酒不醉人人自醉。""}, {""sex"": ""1"", ""content"": ""酒壮怂人胆，总得有些话要对你说的。""}], ""lock"": 1}"
"{""chat"": [{""sex"": ""2"", ""content"": ""喝醉了吧""}, {""sex"": ""1"", ""content"": ""没喝醉就不能和你说了吗。""}, {""sex"": ""1"", ""content"": ""我不喝醉你怎么有机会呢。""}], ""lock"": 1}"
"{""chat"": [{""sex"": ""2"", ""content"": ""都睡觉了""}, {""sex"": ""1"", ""content"": ""那我只好在梦里找你了。""}, {""sex"": ""1"", ""content"": ""这时候睡觉才是认真的呀。""}], ""lock"": 1}"
"{""chat"": [{""sex"": ""2"", ""content"": ""我去吃药了""}, {""sex"": ""1"", ""content"": ""要乖乖吃药，才会好得快。""}, {""sex"": ""1"", ""content"": ""生病了吗？怎么没告诉我呢？是不是很不舒服？""}], ""lock"": 1}"
"{""chat"": [{""sex"": ""2"", ""content"": ""死掉了""}, {""sex"": ""1"", ""content"": ""生死有命，富贵在天。""}, {""sex"": ""1"", ""content"": ""别太难过，我们都只是普通人，并不能掌握生死。""}], ""lock"": 1}"
"{""chat"": [{""sex"": ""2"", ""content"": ""你醒了？""}, {""sex"": ""1"", ""content"": ""你要是睡在我旁边，我都不想醒了。""}, {""sex"": ""1"", ""content"": ""醒了第一件事就是想想你。""}], ""lock"": 1}"
"{""chat"": [{""sex"": ""2"", ""content"": ""醒了""}, {""sex"": ""1"", ""content"": ""我的梦也刚好没了。""}, {""sex"": ""2"", ""content"": ""嗯？""}, {""sex"": ""1"", ""content"": ""因为梦中女神都消失了，梦也该醒了。""}], ""lock"": 1}"
"{""chat"": [{""sex"": ""2"", ""content"": ""睡醒了么""}, {""sex"": ""1"", ""content"": ""看我睡眼密松你就知道我刚醒。""}, {""sex"": ""1"", ""content"": ""梦里的你不见了，我就醒了好不好""}], ""lock"": 1}"
"{""chat"": [{""sex"": ""2"", ""content"": ""做梦来""}, {""sex"": ""1"", ""content"": ""要是能梦到你我愿意天天做梦""}, {""sex"": ""1"", ""content"": ""我的野心可 不止是在梦里""}], ""lock"": 1}"
"{""chat"": [{""sex"": ""2"", ""content"": ""冬天有些冷""}, {""sex"": ""1"", ""content"": ""不冷怎么叫做冬天呢。""}, {""sex"": ""1"", ""content"": ""有我在你身边，冬天不会冷。""}], ""lock"": 1}"
"{""chat"": [{""sex"": ""2"", ""content"": ""这里太冷了""}, {""sex"": ""1"", ""content"": ""有了我，就不会怕冷啦。""}, {""sex"": ""1"", ""content"": ""再冷也冷不过心冷。""}], ""lock"": 1}"
"{""chat"": [{""sex"": ""2"", ""content"": ""早早吃了""}, {""sex"": ""1"", ""content"": ""我还想跟小仙女吃早饭呢""}, {""sex"": ""1"", ""content"": ""想知道小仙女吃了啥，作参考用""}], ""lock"": 1}"
"{""chat"": [{""sex"": ""2"", ""content"": ""时间也不早了""}, {""sex"": ""1"", ""content"": ""那你快去休息，早点睡对身体好。""}, {""sex"": ""1"", ""content"": ""虽然还舍不得跟你分开，但是我不想打扰到你睡觉，早点睡吧。""}], ""lock"": 1}"
"{""chat"": [{""sex"": ""2"", ""content"": ""不想起来了""}, {""sex"": ""1"", ""content"": ""赖床真的是厉害啊。""}, {""sex"": ""1"", ""content"": ""你信不信我把你给扛起来！""}], ""lock"": 1}"
"{""chat"": [{""sex"": ""2"", ""content"": ""起了啊""}, {""sex"": ""1"", ""content"": ""不是吧，我都想你200遍了你才起的""}, {""sex"": ""1"", ""content"": ""我的懒懒猪终于起床了吗""}], ""lock"": 1}"
"{""chat"": [{""sex"": ""2"", ""content"": ""咋的了呢""}, {""sex"": ""1"", ""content"": ""没事，就是有点想你了。""}, {""sex"": ""1"", ""content"": ""脑子里的你有点不安分了。""}], ""lock"": 1}"
"{""chat"": [{""sex"": ""2"", ""content"": ""终于要下班了""}, {""sex"": ""1"", ""content"": ""下班的快乐！我知道""}, {""sex"": ""1"", ""content"": ""下班约起来！""}], ""lock"": 1}"
"{""chat"": [{""sex"": ""2"", ""content"": ""你下班了呀？""}, {""sex"": ""1"", ""content"": ""下班了呦，有什么安排吗？""}, {""sex"": ""1"", ""content"": ""想我了吗你这是？""}], ""lock"": 1}"
"{""chat"": [{""sex"": ""2"", ""content"": ""气死我了。""}, {""sex"": ""1"", ""content"": ""听到你好气，我的心情一下就变好了""}, {""sex"": ""1"", ""content"": ""心疼的抱住我的猪猪女孩""}], ""lock"": 1}"
"{""chat"": [{""sex"": ""2"", ""content"": ""我得了一种病""}, {""sex"": ""1"", ""content"": ""什么病？你怎么了？怎么生病了呢？""}, {""sex"": ""1"", ""content"": ""生病了要及时看医生才行啊""}], ""lock"": 1}"
"{""chat"": [{""sex"": ""2"", ""content"": ""520 一个人""}, {""sex"": ""1"", ""content"": ""现在不是一个人了，有我在呢，我陪着你。""}, {""sex"": ""1"", ""content"": ""虽然我不在你身边，但我的心早就飞到你身边了，所以你不是一个人。""}], ""lock"": 1}"
"{""chat"": [{""sex"": ""2"", ""content"": ""长的一般般""}, {""sex"": ""1"", ""content"": ""可是我就喜欢上你的一般。""}, {""sex"": ""1"", ""content"": ""那其他女孩是什么？""}], ""lock"": 1}"
"{""chat"": [{""sex"": ""2"", ""content"": ""亲亲。""}, {""sex"": ""1"", ""content"": ""谢，女王殿下赐吻！""}, {""sex"": ""1"", ""content"": ""亲亲 抱抱 举高高，鬼刀一开 看不见 回首掏。""}], ""lock"": 1}"
"{""chat"": [{""sex"": ""2"", ""content"": ""这个可不一定""}, {""sex"": ""1"", ""content"": ""怎么不一定了，说不定就是呢。""}, {""sex"": ""1"", ""content"": ""不管一不一定了，反正你一定会喜欢上我的。""}], ""lock"": 1}"
"{""chat"": [{""sex"": ""2"", ""content"": ""我不一定是""}, {""sex"": ""1"", ""content"": ""请你把不字去掉好吗？""}, {""sex"": ""1"", ""content"": ""是你是你一定是你，是你是你真的是你。""}], ""lock"": 1}"
"{""chat"": [{""sex"": ""2"", ""content"": ""我或许跟你想的不一样""}, {""sex"": ""1"", ""content"": ""要是能和我想的一样，那我岂不是算命大师了。""}, {""sex"": ""1"", ""content"": ""我喜欢你，和我想你是什么样的没关系。""}], ""lock"": 1}"
"{""chat"": [{""sex"": ""2"", ""content"": ""新的一天""}, {""sex"": ""1"", ""content"": ""是小仙女比昨天更漂亮的一天""}, {""sex"": ""1"", ""content"": ""新的一天感觉浑身都充满了能量""}], ""lock"": 1}"
"{""chat"": [{""sex"": ""2"", ""content"": ""我刚去洗漱了""}, {""sex"": ""1"", ""content"": ""要是有一天能跟你一起起床一起洗漱就好了""}, {""sex"": ""1"", ""content"": ""洗好了就可以吃早餐啦""}], ""lock"": 1}"
"{""chat"": [{""sex"": ""2"", ""content"": ""我好没安全感""}, {""sex"": ""1"", ""content"": ""抱着我，我的安全感给你。""}, {""sex"": ""1"", ""content"": ""牵着我的手，你肯定会有安全感的。""}], ""lock"": 1}"
"{""chat"": [{""sex"": ""2"", ""content"": ""[/再见]""}, {""sex"": ""1"", ""content"": ""为了下一次更好的再见吗？""}, {""sex"": ""1"", ""content"": ""不想跟你说再见，我们之间不会有分别。""}], ""lock"": 1}"
"{""chat"": [{""sex"": ""2"", ""content"": ""你会陪我吗""}, {""sex"": ""1"", ""content"": ""你的余生我都会陪你。""}, {""sex"": ""1"", ""content"": ""如果我不陪你，还能有谁呢。""}], ""lock"": 1}"
"{""chat"": [{""sex"": ""2"", ""content"": ""但愿你真的一直陪我""}, {""sex"": ""1"", ""content"": ""你放心 ，我就在你你身边陪着你。""}, {""sex"": ""1"", ""content"": ""只要你愿意，我会一直陪着你的。""}], ""lock"": 1}"
"{""chat"": [{""sex"": ""2"", ""content"": ""认识一下""}, {""sex"": ""1"", ""content"": ""不要认识一下了好不好。""}, {""sex"": ""2"", ""content"": ""为什么。""}, {""sex"": ""1"", ""content"": ""因为我们之间不单单只要认识一下。""}], ""lock"": 1}"
"{""chat"": [{""sex"": ""2"", ""content"": ""让你心疼""}, {""sex"": ""1"", ""content"": ""你还知道我会心疼，故意的是不是。""}, {""sex"": ""1"", ""content"": ""能让我心疼的也就只有你了。""}], ""lock"": 1}"
"{""chat"": [{""sex"": ""2"", ""content"": ""你太假""}, {""sex"": ""1"", ""content"": ""你居然把我的真心实意都当成了虚情假意，太伤人心了""}, {""sex"": ""1"", ""content"": ""难道你对我就没有一点点信任吗？""}], ""lock"": 1}"
"{""chat"": [{""sex"": ""2"", ""content"": ""你是哪位呀？""}, {""sex"": ""1"", ""content"": ""我是来喜欢你的那位。""}, {""sex"": ""1"", ""content"": ""不要管我是谁，你要管的是我来干什么。""}], ""lock"": 1}"
"{""chat"": [{""sex"": ""2"", ""content"": ""今天六一了。""}, {""sex"": ""1"", ""content"": ""今天是个好天气，不知道零食会不会从天上掉下来""}, {""sex"": ""1"", ""content"": ""今天流行装嫩，要不要一起穿校服""}], ""lock"": 1}"
"{""chat"": [{""sex"": ""2"", ""content"": ""不觉得美好""}, {""sex"": ""1"", ""content"": ""有你就够美好了行不。""}, {""sex"": ""1"", ""content"": ""美好得由你一起才是对的。""}], ""lock"": 1}"
"{""chat"": [{""sex"": ""2"", ""content"": ""不会轻易喜欢一个人""}, {""sex"": ""1"", ""content"": ""能被你喜欢的人一定特别幸运""}, {""sex"": ""1"", ""content"": ""你一定是个重感情的人，喜欢上一个人就不会轻易放手吧""}], ""lock"": 1}"
"{""chat"": [{""sex"": ""2"", ""content"": ""你比我大一岁""}, {""sex"": ""1"", ""content"": ""大一岁刚好，你做我女朋友也刚好。""}, {""sex"": ""1"", ""content"": ""算命先生说要我找一个小一岁的老婆，看来是你。""}], ""lock"": 1}"
"{""chat"": [{""sex"": ""2"", ""content"": ""礼物还行""}, {""sex"": ""1"", ""content"": ""你喜欢就好，希望你能一直开心。""}, {""sex"": ""1"", ""content"": ""那你是不是应该夸一下送礼物的人呢？""}], ""lock"": 1}"
"{""chat"": [{""sex"": ""2"", ""content"": ""你不休息啊""}, {""sex"": ""1"", ""content"": ""月亮不睡我不睡。""}, {""sex"": ""1"", ""content"": ""休息，我都还在想你怎么休息。""}], ""lock"": 1}"
"{""chat"": [{""sex"": ""2"", ""content"": ""这个都被你发现了""}, {""sex"": ""1"", ""content"": ""那可不是，哥哥这么厉害。""}, {""sex"": ""1"", ""content"": ""我要是不先发现，被别人发现了怎么办？""}], ""lock"": 1}"
"{""chat"": [{""sex"": ""2"", ""content"": ""可是我不认识你呀""}, {""sex"": ""1"", ""content"": ""我们可以慢慢认识啊。""}, {""sex"": ""1"", ""content"": ""不认识没关系，过了今天就认识了。""}], ""lock"": 1}"
"{""chat"": [{""sex"": ""2"", ""content"": ""喜欢你离我远点""}, {""sex"": ""1"", ""content"": ""那我只能做你不喜欢的事了。""}, {""sex"": ""1"", ""content"": ""那我偏偏要离你近一点，而且是越近越好。""}], ""lock"": 1}"
"{""chat"": [{""sex"": ""2"", ""content"": ""看时间吧""}, {""sex"": ""1"", ""content"": ""那你一有时间就要为我空出来哦。""}, {""sex"": ""1"", ""content"": ""我的时间都预留给你了，只要你有空就告诉我。""}], ""lock"": 1}"
"{""chat"": [{""sex"": ""2"", ""content"": ""是吃货一枚""}, {""sex"": ""1"", ""content"": ""小小吃货，吃起来！""}, {""sex"": ""1"", ""content"": ""只要吃起来，你就满足了。""}], ""lock"": 1}"
"{""chat"": [{""sex"": ""2"", ""content"": ""三言两语""}, {""sex"": ""1"", ""content"": ""我对你的爱，三言两语是说不清楚的。""}, {""sex"": ""1"", ""content"": ""三言两语不够，我有一辈子可以慢慢听你说。""}], ""lock"": 1}"
"{""chat"": [{""sex"": ""2"", ""content"": ""一边去吧你""}, {""sex"": ""1"", ""content"": ""哪也不去，就待在你身边了。""}, {""sex"": ""1"", ""content"": ""你的左边还是你的右边？""}], ""lock"": 1}"
"{""chat"": [{""sex"": ""2"", ""content"": ""能加个微信吗？""}, {""sex"": ""1"", ""content"": ""你要入驻我的朋友圈了吗？""}, {""sex"": ""1"", ""content"": ""其实我早就想加你微信了，只是怕你会拒绝我才一直没提。""}], ""lock"": 1}"
"{""chat"": [{""sex"": ""2"", ""content"": ""好无聊鸭""}, {""sex"": ""1"", ""content"": ""你给我讲个笑话听听就不无聊了""}, {""sex"": ""1"", ""content"": ""好无聊鸭是什么鸭种啊。""}], ""lock"": 1}"
"{""chat"": [{""sex"": ""2"", ""content"": ""胆子""}, {""sex"": ""1"", ""content"": ""你肯定是胆子比较小的女生""}, {""sex"": ""1"", ""content"": ""你放心，我胆子很大的，我可以保护你""}], ""lock"": 1}"
"{""chat"": [{""sex"": ""2"", ""content"": ""节日""}, {""sex"": ""1"", ""content"": ""我想要，以后的每个节日都陪你一起度过。""}, {""sex"": ""1"", ""content"": ""现在过节都没有以前有趣了，节日的氛围越来越少了。""}], ""lock"": 1}"
"{""chat"": [{""sex"": ""2"", ""content"": ""最近网上骗子有点多""}, {""sex"": ""1"", ""content"": ""放心吧，除了你谁还能骗我呢。""}, {""sex"": ""1"", ""content"": ""骗子再多也不怕，反正不骗心。""}], ""lock"": 1}"
"{""chat"": [{""sex"": ""2"", ""content"": ""我就要让你吃醋""}, {""sex"": ""1"", ""content"": ""你又不给我饺子，又让我吃醋！""}, {""sex"": ""1"", ""content"": ""吃醋对身体好，我知道的。""}], ""lock"": 1}"
"{""chat"": [{""sex"": ""2"", ""content"": ""你是小傻瓜""}, {""sex"": ""1"", ""content"": ""对啊，喜欢你很久的小傻瓜。""}, {""sex"": ""1"", ""content"": ""做你一个人的小傻瓜。""}], ""lock"": 1}"
"{""chat"": [{""sex"": ""2"", ""content"": ""不舒服嘛""}, {""sex"": ""1"", ""content"": ""怎么不舒服了，我帮你看看。""}, {""sex"": ""1"", ""content"": ""那就调整一个舒服的姿势吧。""}], ""lock"": 1}"
"{""chat"": [{""sex"": ""2"", ""content"": ""你都不跟我玩""}, {""sex"": ""1"", ""content"": ""怎么不跟你玩了，说吧你想玩什么我就陪你玩什么""}, {""sex"": ""1"", ""content"": ""跟你玩呀，但是你要亲我一下我才能陪你玩""}], ""lock"": 1}"
"{""chat"": [{""sex"": ""2"", ""content"": ""你搞笑的吧""}, {""sex"": ""1"", ""content"": ""我这么认真的人，怎么会搞笑呢。""}, {""sex"": ""1"", ""content"": ""你觉得我有必要和你开这个玩笑嘛？""}], ""lock"": 1}"
"{""chat"": [{""sex"": ""2"", ""content"": ""女朋友肚子疼""}, {""sex"": ""1"", ""content"": ""怎么办宝宝，你肚子疼我却没能在你身边，我好难受。""}, {""sex"": ""1"", ""content"": ""喝点热水，到床上躺着，我马上来找你。""}], ""lock"": 1}"
"{""chat"": [{""sex"": ""2"", ""content"": ""我用小锤锤锤你胸口""}, {""sex"": ""1"", ""content"": ""你确定你是锤不是抚摸？""}, {""sex"": ""1"", ""content"": ""小心把你自己砸进我心口。""}], ""lock"": 1}"
"{""chat"": [{""sex"": ""2"", ""content"": ""嗓子废了""}, {""sex"": ""1"", ""content"": ""啊！那就不能听你说我爱你了！""}, {""sex"": ""1"", ""content"": ""赶紧多喝点水，让嗓子恢复元气。""}], ""lock"": 1}"
"{""chat"": [{""sex"": ""2"", ""content"": ""太low了""}, {""sex"": ""1"", ""content"": ""那我得提高一下逼格啊。""}, {""sex"": ""1"", ""content"": ""竟然被嫌弃了，我太难过了。""}], ""lock"": 1}"
"{""chat"": [{""sex"": ""2"", ""content"": ""今天这么早""}, {""sex"": ""1"", ""content"": ""我想早点起床，这样就能跟你多说几句话了""}, {""sex"": ""1"", ""content"": ""你不也是，没想到我们居然这么合""}], ""lock"": 1}"
"{""chat"": [{""sex"": ""2"", ""content"": ""男人的嘴骗人鬼""}, {""sex"": ""1"", ""content"": ""骗的是人，你又不是人，你是仙女。""}, {""sex"": ""1"", ""content"": ""我的嘴不会骗人，只会亲你。""}], ""lock"": 1}"
"{""chat"": [{""sex"": ""2"", ""content"": ""肯定很多女孩子喜欢你""}, {""sex"": ""1"", ""content"": ""确实，但我喜欢的却只有一个。""}, {""sex"": ""1"", ""content"": ""你是不是也是喜欢我的女孩子中的一个？""}], ""lock"": 1}"
"{""chat"": [{""sex"": ""2"", ""content"": ""你这身材小心长肉肉""}, {""sex"": ""1"", ""content"": ""长肉肉就给它减掉！""}, {""sex"": ""1"", ""content"": ""放心吧，我不会让它长肉肉的。""}], ""lock"": 1}"
"{""chat"": [{""sex"": ""2"", ""content"": ""为什么之前一直不相信我""}, {""sex"": ""1"", ""content"": ""因为之前你没有让我相信的理由。""}, {""sex"": ""1"", ""content"": ""你拿什么让我相信呢。""}], ""lock"": 1}"
"{""chat"": [{""sex"": ""2"", ""content"": ""我需要的是你保护我""}, {""sex"": ""1"", ""content"": ""放心，我会好好保护你的。""}, {""sex"": ""1"", ""content"": ""保护你是我的义务。""}], ""lock"": 1}"
"{""chat"": [{""sex"": ""2"", ""content"": ""我保护不了你""}, {""sex"": ""1"", ""content"": ""那就换我来保护你怎么样。""}, {""sex"": ""1"", ""content"": ""我不需要你来保护。""}], ""lock"": 1}"
"{""chat"": [{""sex"": ""2"", ""content"": ""这个好不好看""}, {""sex"": ""1"", ""content"": ""只要你觉得好看的就是好看！""}, {""sex"": ""1"", ""content"": ""好看啊，不过没你好看。""}], ""lock"": 1}"
"{""chat"": [{""sex"": ""2"", ""content"": ""天不好""}, {""sex"": ""1"", ""content"": ""但是也不能阻止我来想你啊。""}, {""sex"": ""1"", ""content"": ""天不好的时候，我们就好好聊天。""}], ""lock"": 1}"
"{""chat"": [{""sex"": ""2"", ""content"": ""照顾不好自己""}, {""sex"": ""1"", ""content"": ""那就换我来照顾你如何？""}, {""sex"": ""1"", ""content"": ""那就照顾我好不好？""}], ""lock"": 1}"
"{""chat"": [{""sex"": ""2"", ""content"": ""很好看啊""}, {""sex"": ""1"", ""content"": ""有多好看呀，能比你好看吗？""}, {""sex"": ""1"", ""content"": ""我就喜欢看你笑，我觉得你最好看。""}], ""lock"": 1}"
"{""chat"": [{""sex"": ""2"", ""content"": ""我午睡""}, {""sex"": ""1"", ""content"": ""午安，好好睡个午觉。""}, {""sex"": ""1"", ""content"": ""午觉睡得好，下午才会神清气爽。""}], ""lock"": 1}"
"{""chat"": [{""sex"": ""2"", ""content"": ""嗯中午好""}, {""sex"": ""1"", ""content"": ""中午好，能看见你会更好的。""}, {""sex"": ""1"", ""content"": ""能把早上补上的话，会更好的。""}], ""lock"": 1}"
"{""chat"": [{""sex"": ""2"", ""content"": ""你好奇怪啊""}, {""sex"": ""1"", ""content"": ""是不是觉得我怪帅的。""}, {""sex"": ""1"", ""content"": ""奇奇怪怪的才是我呀。""}], ""lock"": 1}"
"{""chat"": [{""sex"": ""2"", ""content"": ""上班呢！""}, {""sex"": ""1"", ""content"": ""那巧了，我也在上班！""}, {""sex"": ""1"", ""content"": ""好好工作，努力赚钱。""}], ""lock"": 1}"
"{""chat"": [{""sex"": ""2"", ""content"": ""同意啥""}, {""sex"": ""1"", ""content"": ""同意当我的女朋友啊""}, {""sex"": ""1"", ""content"": ""同意让我照顾你一辈子啊""}], ""lock"": 1}"
"{""chat"": [{""sex"": ""2"", ""content"": ""这么好啊？""}, {""sex"": ""1"", ""content"": ""那肯定的啊，对你当然好啦。""}, {""sex"": ""1"", ""content"": ""我这么好的男人已经不多见了。""}], ""lock"": 1}"
"{""chat"": [{""sex"": ""2"", ""content"": ""好好吃啊""}, {""sex"": ""1"", ""content"": ""我都快流口水了。""}, {""sex"": ""1"", ""content"": ""好吃你就多吃点！""}], ""lock"": 1}"
"{""chat"": [{""sex"": ""2"", ""content"": ""游戏不好玩""}, {""sex"": ""1"", ""content"": ""游戏不好玩，跟我玩比较好玩一点。""}, {""sex"": ""1"", ""content"": ""不玩游戏好啊，我喜欢不玩游戏的女孩。""}], ""lock"": 1}"
"{""chat"": [{""sex"": ""2"", ""content"": ""不好玩哦""}, {""sex"": ""1"", ""content"": ""那小仙女喜欢玩什么，我来陪你玩。""}, {""sex"": ""1"", ""content"": ""那要不要来玩一点更有趣更好玩的？""}], ""lock"": 1}"
"{""chat"": [{""sex"": ""2"", ""content"": ""小姐姐你好呀""}, {""sex"": ""2"", ""content"": ""小姐姐现在有点点不好""}, {""sex"": ""2"", ""content"": ""你怎么知道我现在很好的？""}], ""lock"": 1}"
"{""chat"": [{""sex"": ""2"", ""content"": ""上课好无聊啊""}, {""sex"": ""1"", ""content"": ""要是有趣还能是上课吗？！""}, {""sex"": ""1"", ""content"": ""做个好学生，上课好好听讲。""}], ""lock"": 1}"
"{""chat"": [{""sex"": ""2"", ""content"": ""超好听""}, {""sex"": ""1"", ""content"": ""小仙女都说好听了那肯定是好听""}, {""sex"": ""1"", ""content"": ""连小仙女都发出这么欣赏的赞叹我也要去听听看""}], ""lock"": 1}"
"{""chat"": [{""sex"": ""2"", ""content"": ""感觉好好吃""}, {""sex"": ""1"", ""content"": ""小吃货，你可别因为好吃就吃撑肚子了呀。""}, {""sex"": ""1"", ""content"": ""看看我，我更好吃。""}], ""lock"": 1}"
"{""chat"": [{""sex"": ""2"", ""content"": ""确实好吃""}, {""sex"": ""1"", ""content"": ""好吃也不要贪吃吃太多哦。""}, {""sex"": ""1"", ""content"": ""你要是喜欢吃，我再给你买。""}], ""lock"": 1}"
"{""chat"": [{""sex"": ""2"", ""content"": ""早上好怎么说""}, {""sex"": ""1"", ""content"": ""鼓捣摸你……哈哈哈""}, {""sex"": ""1"", ""content"": ""奴才给贵妃娘娘请安了，娘娘早安""}, {""sex"": ""1"", ""content"": ""今天也是深爱你的一天，早上好！""}, {""sex"": ""1"", ""content"": ""美女早上好，开心每一天！""}, {""sex"": ""1"", ""content"": ""你昨天晚上一定做了一个美梦，所以早上看起来好美啊""}, {""sex"": ""1"", ""content"": ""懒虫，太阳开始晒屁股了。""}], ""lock"": 1}"
"{""chat"": [{""sex"": ""2"", ""content"": ""还行吧！""}, {""sex"": ""1"", ""content"": ""那你觉得我怎么样？做你男朋友可还行？""}, {""sex"": ""1"", ""content"": ""还好是肯定的回答，不然我要自闭了。""}], ""lock"": 1}"
"{""chat"": [{""sex"": ""2"", ""content"": ""嗨 你好呀""}, {""sex"": ""1"", ""content"": ""你好，仙女姐姐。""}, {""sex"": ""1"", ""content"": ""我们之间需要这么正式的吗？""}], ""lock"": 1}"
"{""chat"": [{""sex"": ""2"", ""content"": ""你最棒的""}, {""sex"": ""1"", ""content"": ""我正在努力做好最棒的那位。""}, {""sex"": ""1"", ""content"": ""再棒也得有人欣赏不是吗。""}], ""lock"": 1}"
"{""chat"": [{""sex"": ""2"", ""content"": ""不辛苦呀""}, {""sex"": ""1"", ""content"": ""不辛苦就好，我怕你累着了。""}, {""sex"": ""1"", ""content"": ""要是辛苦就要说哦，不想让你一个人默默委屈。""}], ""lock"": 1}"
"{""chat"": [{""sex"": ""2"", ""content"": ""挺不错的啊""}, {""sex"": ""1"", ""content"": ""只是挺不错的而已嘛""}, {""sex"": ""1"", ""content"": ""那必须的，不然都不好意思给你了。""}], ""lock"": 1}"
"{""chat"": [{""sex"": ""2"", ""content"": ""竟说大实话""}, {""sex"": ""1"", ""content"": ""没办法，我这人就是喜欢睁眼说大实话。""}, {""sex"": ""1"", ""content"": ""看见你就情不自禁说出来了。""}], ""lock"": 1}"
"{""chat"": [{""sex"": ""2"", ""content"": ""我说啥""}, {""sex"": ""1"", ""content"": ""你心里想什么就是说什么好了，我认真听着呢""}, {""sex"": ""2"", ""content"": ""我不知道要说啥""}, {""sex"": ""1"", ""content"": ""其实你说啥都好，我只是想听听你的声音""}], ""lock"": 1}"
"{""chat"": [{""sex"": ""2"", ""content"": ""那我说啥啊""}, {""sex"": ""1"", ""content"": ""你啥都不要说了，静静的让我会儿你""}, {""sex"": ""1"", ""content"": ""占我旁边就好，别说话。""}], ""lock"": 1}"
"{""chat"": [{""sex"": ""2"", ""content"": ""找人说说话""}, {""sex"": ""1"", ""content"": ""想说什么都可以跟我说呀。""}, {""sex"": ""1"", ""content"": ""那你找到我了，我陪你说话。""}], ""lock"": 1}"
"{""chat"": [{""sex"": ""2"", ""content"": ""说吧""}, {""sex"": ""1"", ""content"": ""那你说，你到底想要我说什么""}, {""sex"": ""2"", ""content"": ""说你刚才想说的啊""}, {""sex"": ""1"", ""content"": ""我怕控制不住把我的心里话也说出来了""}], ""lock"": 1}"
"{""chat"": [{""sex"": ""2"", ""content"": ""为什么会这样说""}, {""sex"": ""1"", ""content"": ""心里是这么想的，所以就这么说啦。""}, {""sex"": ""1"", ""content"": ""是因为你让我想这么说的。""}], ""lock"": 1}"
"{""chat"": [{""sex"": ""2"", ""content"": ""没人说我好看""}, {""sex"": ""1"", ""content"": ""以后我会每天都说你好看""}, {""sex"": ""1"", ""content"": ""那是他们没眼光，竟然都不夸一夸这么好看的小仙女""}], ""lock"": 1}"
"{""chat"": [{""sex"": ""2"", ""content"": ""不会说话别说""}, {""sex"": ""1"", ""content"": ""可是不让我说话我会憋死的""}, {""sex"": ""1"", ""content"": ""那我只好闭上嘴巴了""}], ""lock"": 1}"
"{""chat"": [{""sex"": ""2"", ""content"": ""好好说话。""}, {""sex"": ""1"", ""content"": ""好好说话太没意思了。""}, {""sex"": ""1"", ""content"": ""一般人我不这样，只有对你才这样。""}], ""lock"": 1}"
"{""chat"": [{""sex"": ""2"", ""content"": ""啥都不想说""}, {""sex"": ""1"", ""content"": ""等你想说了就自然会说的。""}, {""sex"": ""1"", ""content"": ""那你愿意听我说吗？""}], ""lock"": 1}"
"{""chat"": [{""sex"": ""2"", ""content"": ""不想和你说""}, {""sex"": ""1"", ""content"": ""难道你想背着我偷偷告诉别的小哥哥吗？""}, {""sex"": ""1"", ""content"": ""不跟我说可就不乖了。""}], ""lock"": 1}"
"{""chat"": [{""sex"": ""2"", ""content"": ""你有钱你任性""}, {""sex"": ""1"", ""content"": ""难道没钱也可以这么任性吗？""}, {""sex"": ""1"", ""content"": ""那你有本事给我任性一个。""}], ""lock"": 1}"
"{""chat"": [{""sex"": ""2"", ""content"": ""我性子直""}, {""sex"": ""1"", ""content"": ""跟你这样性格直爽的女孩子做朋友肯定很开心。""}, {""sex"": ""1"", ""content"": ""性子直挺好的，说话不会拐弯抹角让人捉摸不透。""}], ""lock"": 1}"
"{""chat"": [{""sex"": ""2"", ""content"": ""有帅哥哥可以交朋友""}, {""sex"": ""1"", ""content"": ""帅哥哥不想跟你交朋友，想跟你做男女朋友。""}, {""sex"": ""1"", ""content"": ""那有漂亮小姐姐可以交朋友的吗？""}], ""lock"": 1}"
"{""chat"": [{""sex"": ""2"", ""content"": ""我洗澡去咯""}, {""sex"": ""1"", ""content"": ""放心吧，我是不会偷看你洗澡的。""}, {""sex"": ""1"", ""content"": ""麻烦你洗的香一点，这样闻起来比较舒服。""}], ""lock"": 1}"
"{""chat"": [{""sex"": ""2"", ""content"": ""直男没救了""}, {""sex"": ""1"", ""content"": ""宁愿做个直男也不愿意做个渣男。""}, {""sex"": ""1"", ""content"": ""没事，我还是可以自救的。""}], ""lock"": 1}"
"{""chat"": [{""sex"": ""2"", ""content"": ""怎么跟女生要微信""}, {""sex"": ""1"", ""content"": ""关关雎鸠在河之洲，窈窕淑女whats your微信？""}, {""sex"": ""1"", ""content"": ""加个微信呗，我想成为你的好友。""}], ""lock"": 1}"
"{""chat"": [{""sex"": ""2"", ""content"": ""找你这样的""}, {""sex"": ""1"", ""content"": ""那你直接找我就可以了。""}, {""sex"": ""1"", ""content"": ""我很开心长成了你喜欢的样子。""}], ""lock"": 1}"
"{""chat"": [{""sex"": ""2"", ""content"": ""逛街逛累了""}, {""sex"": ""1"", ""content"": ""赶紧休息一下，我可不想让你难受啊。""}, {""sex"": ""1"", ""content"": ""虽然逛街很累，但你还是觉得很开心，对吧？""}], ""lock"": 1}"
"{""chat"": [{""sex"": ""2"", ""content"": ""可以爆照嘛""}, {""sex"": ""1"", ""content"": "" 你是希望我给你爆照吗？""}, {""sex"": ""1"", ""content"": ""只是照片而已，我还是喜欢你真人。""}], ""lock"": 1}"
"{""chat"": [{""sex"": ""2"", ""content"": ""无聊到爆""}, {""sex"": ""1"", ""content"": ""我们两个的想法在这一刻极有默契地吻合了""}, {""sex"": ""1"", ""content"": ""别爆啊，你爆了我可咋办啊！""}], ""lock"": 1}"
"{""chat"": [{""sex"": ""2"", ""content"": ""备注小仙女""}, {""sex"": ""1"", ""content"": ""好嘞，亲爱的小仙女。""}, {""sex"": ""1"", ""content"": ""那你就给我备注大宝贝吧。""}], ""lock"": 1}"
"{""chat"": [{""sex"": ""2"", ""content"": ""累得很""}, {""sex"": ""1"", ""content"": ""一个人当然会累，男女搭配干活才不累嘛。""}, {""sex"": ""1"", ""content"": ""那需不需要我给你按摩放松一下？""}], ""lock"": 1}"
"{""chat"": [{""sex"": ""2"", ""content"": ""你为啥加我微信""}, {""sex"": ""1"", ""content"": ""都是因为那该死的爱情！""}, {""sex"": ""1"", ""content"": ""你长得这么好看还不让我加微信了？""}], ""lock"": 1}"
"{""chat"": [{""sex"": ""2"", ""content"": ""见个面吧""}, {""sex"": ""1"", ""content"": ""好啊，那时间地点你来决定。""}, {""sex"": ""1"", ""content"": ""你终于想见我了，我一直都在等你开口。""}], ""lock"": 1}"
"{""chat"": [{""sex"": ""2"", ""content"": ""我没见过世面""}, {""sex"": ""1"", ""content"": ""没事，以后我带你见世面。""}, {""sex"": ""1"", ""content"": ""见什么世面啊见我就好了。""}], ""lock"": 1}"
"{""chat"": [{""sex"": ""2"", ""content"": ""你这个变态""}, {""sex"": ""1"", ""content"": ""你见过哪个变态这么帅气迷人的吗。""}, {""sex"": ""1"", ""content"": ""那也只对你一个变态！""}], ""lock"": 1}"
"{""chat"": [{""sex"": ""2"", ""content"": ""天天惹我生气""}, {""sex"": ""1"", ""content"": ""我怕哪天不能惹你生气了，你会把我忘了。""}, {""sex"": ""1"", ""content"": ""因为我知道仙女姐姐，是不会生气的。""}], ""lock"": 1}"
"{""chat"": [{""sex"": ""2"", ""content"": ""你问我三个问题""}, {""sex"": ""1"", ""content"": ""你会喜欢我吗？你会喜欢我吗？你会喜欢我吗？""}, {""sex"": ""1"", ""content"": ""三个问题怎么够，我还有很多想问的呢。""}], ""lock"": 1}"
"{""chat"": [{""sex"": ""2"", ""content"": ""想问你个问题""}, {""sex"": ""1"", ""content"": ""问呗，反正我会告诉你的。""}, {""sex"": ""1"", ""content"": ""你有什么想知道的，就来我心里看看吧。""}], ""lock"": 1}"
"{""chat"": [{""sex"": ""2"", ""content"": ""你是个有故事的人""}, {""sex"": ""1"", ""content"": ""那你愿意听我的故事吗。""}, {""sex"": ""1"", ""content"": ""那你有酒吗？""}], ""lock"": 1}"
"{""chat"": [{""sex"": ""2"", ""content"": ""一个""}, {""sex"": ""1"", ""content"": ""我会是你的下一个也是最后一个男朋友""}, {""sex"": ""1"", ""content"": ""真羡慕那个第一次让你喜欢的男生""}], ""lock"": 1}"
"{""chat"": [{""sex"": ""2"", ""content"": ""可爱不""}, {""sex"": ""1"", ""content"": ""还是你比较可爱。""}, {""sex"": ""1"", ""content"": ""很可爱，你是想送给我吗？""}], ""lock"": 1}"
"{""chat"": [{""sex"": ""2"", ""content"": ""坏坏的男人""}, {""sex"": ""1"", ""content"": ""你这是在说我这个坏男人吗？""}, {""sex"": ""1"", ""content"": ""男人不坏，女人不爱。""}], ""lock"": 1}"
"{""chat"": [{""sex"": ""2"", ""content"": ""我们交朋友吧""}, {""sex"": ""1"", ""content"": ""朋友只是第一步，我会慢慢进步的。""}, {""sex"": ""1"", ""content"": ""朋友都是情侣的第一步的。""}], ""lock"": 1}"
"{""chat"": [{""sex"": ""2"", ""content"": ""没有那个意思""}, {""sex"": ""1"", ""content"": ""难道是喜欢我的意思？""}, {""sex"": ""1"", ""content"": ""那是什么意思？我有点不明白。""}], ""lock"": 1}"
"{""chat"": [{""sex"": ""2"", ""content"": ""九条命""}, {""sex"": ""1"", ""content"": ""就算有九条命，也要把每条命都当成最后一条来珍惜才行。""}, {""sex"": ""1"", ""content"": ""醒醒，你又不是猫，你只有一条命。""}], ""lock"": 1}"
"{""chat"": [{""sex"": ""2"", ""content"": ""你误会了""}, {""sex"": ""1"", ""content"": ""那你解释给我听。""}, {""sex"": ""1"", ""content"": ""误会什么，难道你不是喜欢我吗？""}], ""lock"": 1}"
"{""chat"": [{""sex"": ""2"", ""content"": ""没机会的""}, {""sex"": ""1"", ""content"": ""你没试过怎么知道没机会了""}, {""sex"": ""1"", ""content"": ""我的字典里没有放弃这两个字""}], ""lock"": 1}"
"{""chat"": [{""sex"": ""2"", ""content"": ""你不会的""}, {""sex"": ""1"", ""content"": ""当然啦，我才不会扔下你不管的""}, {""sex"": ""1"", ""content"": ""是啊，你一直占据着我的心。""}], ""lock"": 1}"
"{""chat"": [{""sex"": ""2"", ""content"": ""等会再睡""}, {""sex"": ""1"", ""content"": ""听话，按时睡觉才是乖宝宝哦""}, {""sex"": ""1"", ""content"": ""早点休息啊，记得睡前别想我想得睡不着了""}], ""lock"": 1}"
"{""chat"": [{""sex"": ""2"", ""content"": ""中了你的毒，你是解药""}, {""sex"": ""1"", ""content"": ""难不成你想吃我这个药吃一辈子？""}, {""sex"": ""1"", ""content"": ""这毒看来是有点厉害啊。""}], ""lock"": 1}"
"{""chat"": [{""sex"": ""2"", ""content"": ""说谁都会说""}, {""sex"": ""1"", ""content"": ""但是做就不一定会做了。""}, {""sex"": ""1"", ""content"": ""说到做到向来都是我的准则。""}], ""lock"": 1}"
"{""chat"": [{""sex"": ""2"", ""content"": ""嗯，等着吃饭呢""}, {""sex"": ""1"", ""content"": ""吃货，除了睡觉就是在等吃饭。""}, {""sex"": ""1"", ""content"": ""那可以等我会儿，我马上就来蹭饭了。""}], ""lock"": 1}"
"{""chat"": [{""sex"": ""2"", ""content"": ""一起游泳""}, {""sex"": ""1"", ""content"": ""好啊，正好我不怎么会你可以教教我。""}, {""sex"": ""1"", ""content"": ""那我要好好保护你，小仙女会被好多人偷看的。""}], ""lock"": 1}"
"{""chat"": [{""sex"": ""2"", ""content"": ""应该不会吧""}, {""sex"": ""1"", ""content"": ""宁可信其有不可信其无""}, {""sex"": ""1"", ""content"": ""眼见为实耳听为虚""}, {""sex"": ""1"", ""content"": ""需要我面对面对你说我爱你吗""}], ""lock"": 1}"
"{""chat"": [{""sex"": ""2"", ""content"": ""我去睡觉觉咯！""}, {""sex"": ""1"", ""content"": ""那你睡吧，我会去你梦里找你的。""}, {""sex"": ""1"", ""content"": ""好好睡觉，记得要梦到我""}], ""lock"": 1}"
"{""chat"": [{""sex"": ""2"", ""content"": ""如果你前女友回来找你那你会怎么办""}, {""sex"": ""1"", ""content"": ""不会咋办，毕竟这人我不认识。""}, {""sex"": ""1"", ""content"": ""我会请示你，然后再听你怎么说我怎么做。""}], ""lock"": 1}"
"{""chat"": [{""sex"": ""2"", ""content"": ""恨自己""}, {""sex"": ""1"", ""content"": ""你首先要爱自己，才会得到别人的爱呀。""}, {""sex"": ""1"", ""content"": ""别这样，你是独一无二的，你也是最棒的，一定要好好爱自己好吗？""}], ""lock"": 1}"
"{""chat"": [{""sex"": ""2"", ""content"": ""不会丢""}, {""sex"": ""1"", ""content"": ""我可得把你牵好，你是我的重要物件。""}, {""sex"": ""1"", ""content"": ""你可是我的宝贝，不能随便弄丢了。""}], ""lock"": 1}"
"{""chat"": [{""sex"": ""2"", ""content"": ""撩别人去""}, {""sex"": ""1"", ""content"": ""我又不喜欢别人，干嘛撩别人啊。""}, {""sex"": ""1"", ""content"": ""我的心和身体控制不住想撩你啊。""}], ""lock"": 1}"
"{""chat"": [{""sex"": ""2"", ""content"": ""你会的有点多""}, {""sex"": ""1"", ""content"": ""会的虽然多，但都只会皮毛而已呀""}, {""sex"": ""1"", ""content"": ""技多不压身，多学点东西也挺好的""}], ""lock"": 1}"
"{""chat"": [{""sex"": ""2"", ""content"": ""你还挺会说话的""}, {""sex"": ""1"", ""content"": ""那必须的，不然怎么说动你的心啊。""}, {""sex"": ""1"", ""content"": ""那也只对你一个人这么说。""}], ""lock"": 1}"
"{""chat"": [{""sex"": ""2"", ""content"": ""怕你会失望""}, {""sex"": ""1"", ""content"": ""没事，贞子我都不在怕的""}, {""sex"": ""1"", ""content"": ""一定要见，有些事除了见面才能讲的清楚""}], ""lock"": 1}"
"{""chat"": [{""sex"": ""2"", ""content"": ""我要消失了""}, {""sex"": ""1"", ""content"": ""但是你一直在我心里。""}, {""sex"": ""1"", ""content"": ""你要是敢消失，我怎么都会找到你。""}], ""lock"": 1}"
"{""chat"": [{""sex"": ""2"", ""content"": ""变了变了""}, {""sex"": ""1"", ""content"": ""变得更帅的是不是！""}, {""sex"": ""1"", ""content"": ""变得更加爱你了。""}], ""lock"": 1}"
"{""chat"": [{""sex"": ""2"", ""content"": ""你这样是会失去我的""}, {""sex"": ""1"", ""content"": ""不会的，我知道你舍不得离开我。""}, {""sex"": ""1"", ""content"": ""我可不会给你离开的机会。""}], ""lock"": 1}"
"{""chat"": [{""sex"": ""2"", ""content"": ""不会爱上你""}, {""sex"": ""1"", ""content"": ""你注定会为你说的这句话后悔的""}, {""sex"": ""1"", ""content"": ""你不爱我也没关系，毕竟我爱你，只是我一个人的事""}], ""lock"": 1}"
"{""chat"": [{""sex"": ""2"", ""content"": ""这挺会撩""}, {""sex"": ""1"", ""content"": ""还好还好，一般一般世界第三。""}, {""sex"": ""1"", ""content"": ""撩你一个人就够了。""}], ""lock"": 1}"
"{""chat"": [{""sex"": ""2"", ""content"": ""那就等着""}, {""sex"": ""1"", ""content"": ""好的，我等着你！""}, {""sex"": ""1"", ""content"": ""等你这个仙女下凡呢。""}], ""lock"": 1}"
"{""chat"": [{""sex"": ""2"", ""content"": ""我想要快乐""}, {""sex"": ""1"", ""content"": ""让我来给你快乐。""}, {""sex"": ""1"", ""content"": ""那我把我的快乐分享给你吧。""}], ""lock"": 1}"
"{""chat"": [{""sex"": ""2"", ""content"": ""努力的人""}, {""sex"": ""1"", ""content"": ""努力的人会很幸运知道不。""}, {""sex"": ""1"", ""content"": ""好好努力，天天向上。""}], ""lock"": 1}"
"{""chat"": [{""sex"": ""2"", ""content"": ""努力过就好""}, {""sex"": ""1"", ""content"": ""我怕不够努力就会失去很多。""}, {""sex"": ""1"", ""content"": ""但是有些东西真的不是努力就好。""}], ""lock"": 1}"
"{""chat"": [{""sex"": ""2"", ""content"": ""一样咯""}, {""sex"": ""1"", ""content"": ""这一定是天定的缘分。""}, {""sex"": ""1"", ""content"": ""竟然跟小仙女一样，那我要偷着乐了。""}], ""lock"": 1}"
"{""chat"": [{""sex"": ""2"", ""content"": ""不能愉快聊天""}, {""sex"": ""1"", ""content"": ""因为愉快都跑到你那边去了。""}, {""sex"": ""1"", ""content"": ""那怎么才算是愉快的聊天呢。""}], ""lock"": 1}"
"{""chat"": [{""sex"": ""2"", ""content"": ""哈哈哈[愉快][愉快][愉快]""}, {""sex"": ""1"", ""content"": ""笑的这么开心，看来是有喜事了。""}, {""sex"": ""1"", ""content"": ""我陪你一起笑如何。""}], ""lock"": 1}"
"{""chat"": [{""sex"": ""2"", ""content"": ""你的眼睛好美""}, {""sex"": ""1"", ""content"": ""因为这眼睛里面住了一个你。""}, {""sex"": ""1"", ""content"": ""藏着星辰大海，肯定是美的""}], ""lock"": 1}"
"{""chat"": [{""sex"": ""2"", ""content"": ""你知道我长啥样？""}, {""sex"": ""1"", ""content"": ""难道我不可以知道你长啥样吗？""}, {""sex"": ""1"", ""content"": ""梦里已经见过你了。""}], ""lock"": 1}"
"{""chat"": [{""sex"": ""2"", ""content"": ""嫁不出去就不嫁""}, {""sex"": ""1"", ""content"": ""傻瓜，我可不会让你孤独终老的。""}, {""sex"": ""1"", ""content"": ""你放心吧，你要是嫁不出去我会勉强娶你的。""}], ""lock"": 1}"
"{""chat"": [{""sex"": ""2"", ""content"": ""[/嘻嘻][/嘻嘻][/嘻嘻][/嘻嘻]""}, {""sex"": ""1"", ""content"": ""你的笑让我心跳莫名加快了。""}, {""sex"": ""1"", ""content"": ""我要沉醉在你的笑里无法自拔了！""}], ""lock"": 1}"
"{""chat"": [{""sex"": ""2"", ""content"": ""你的头像很萌呀""}, {""sex"": ""1"", ""content"": ""我本人比头像还萌哦。""}, {""sex"": ""1"", ""content"": ""我觉得你更萌。""}], ""lock"": 1}"
"{""chat"": [{""sex"": ""2"", ""content"": ""交朋友可以啊""}, {""sex"": ""1"", ""content"": ""所有关系都是要从朋友开始的，对吧。""}, {""sex"": ""1"", ""content"": ""难道不可以是除了朋友以外的关系吗？""}], ""lock"": 1}"
"{""chat"": [{""sex"": ""2"", ""content"": ""我不会喜欢""}, {""sex"": ""1"", ""content"": ""喜欢这种微妙的事，说不定就随时会改变呢。""}, {""sex"": ""1"", ""content"": ""那你喜欢什么呀，我想跟你有同样的兴趣爱好。""}], ""lock"": 1}"
"{""chat"": [{""sex"": ""2"", ""content"": ""我是真胖""}, {""sex"": ""1"", ""content"": ""这不是胖，是丰满！""}, {""sex"": ""1"", ""content"": ""不胖，你这是刚刚好。""}], ""lock"": 1}"
"{""chat"": [{""sex"": ""2"", ""content"": ""开心啊""}, {""sex"": ""1"", ""content"": ""我也挺开心的。""}, {""sex"": ""2"", ""content"": ""你开心？""}, {""sex"": ""1"", ""content"": ""你开心，我就开心啦。""}], ""lock"": 1}"
"{""chat"": [{""sex"": ""2"", ""content"": ""开心啦""}, {""sex"": ""1"", ""content"": ""你做我女朋友也让我开心开心好不好？""}, {""sex"": ""1"", ""content"": ""倘若你余生的开心都与我有关，那该多好。""}], ""lock"": 1}"
"{""chat"": [{""sex"": ""2"", ""content"": ""牙不行""}, {""sex"": ""1"", ""content"": ""是不是长了好多蛀牙呀？""}, {""sex"": ""1"", ""content"": ""牙不行要趁早看医生哦，牙疼可是很要命的""}], ""lock"": 1}"
"{""chat"": [{""sex"": ""2"", ""content"": ""你猜我信吗""}, {""sex"": ""1"", ""content"": ""你猜我猜不猜呢。""}, {""sex"": ""1"", ""content"": ""为什么不信呢，我这么诚实。""}], ""lock"": 1}"
"{""chat"": [{""sex"": ""2"", ""content"": ""你多大年龄了""}, {""sex"": ""1"", ""content"": ""怎么？害怕我年龄太小还是太大？""}, {""sex"": ""1"", ""content"": ""放心吧，已经到了法定结婚年龄了。""}], ""lock"": 1}"
"{""chat"": [{""sex"": ""2"", ""content"": ""这么想我""}, {""sex"": ""1"", ""content"": ""你没有想错，我就是这么想你。""}, {""sex"": ""1"", ""content"": ""除了想你我真的没有事情可做了。""}], ""lock"": 1}"
"{""chat"": [{""sex"": ""2"", ""content"": ""不要不要。""}, {""sex"": ""1"", ""content"": ""女孩子的不要就是要。""}, {""sex"": ""1"", ""content"": ""你这感觉好像我要欺负你一样。""}], ""lock"": 1}"
"{""chat"": [{""sex"": ""2"", ""content"": ""为啥要告诉你呀""}, {""sex"": ""1"", ""content"": ""你不告诉我，我就一直缠着你。""}, {""sex"": ""1"", ""content"": ""因为分享是中华传统美德呀，你要懂得分享。""}], ""lock"": 1}"
"{""chat"": [{""sex"": ""2"", ""content"": ""我觉得你也挺好的""}, {""sex"": ""1"", ""content"": ""我这就是要被发好人卡了？""}, {""sex"": ""1"", ""content"": ""那我都这么好了，你没点想法吗？""}], ""lock"": 1}"
"{""chat"": [{""sex"": ""2"", ""content"": ""觉得你人挺好的""}, {""sex"": ""1"", ""content"": ""我这是要被发好人卡了吗。""}, {""sex"": ""1"", ""content"": ""我这么好难道还不够你动心吗。""}], ""lock"": 1}"
"{""chat"": [{""sex"": ""2"", ""content"": ""我没玩手机""}, {""sex"": ""1"", ""content"": ""那你在干嘛呀？""}, {""sex"": ""1"", ""content"": ""现在大家都手机不离手，难得看到你这样不玩手机的哦。""}], ""lock"": 1}"
"{""chat"": [{""sex"": ""2"", ""content"": ""爱是什么啊""}, {""sex"": ""1"", ""content"": ""大概就是想把全世界最好的东西给她，做什么事都会为她着想，希望她能够成为最幸福的人吧。""}, {""sex"": ""1"", ""content"": ""爱这种无实体的东西，是很难形容的。""}], ""lock"": 1}"
"{""chat"": [{""sex"": ""2"", ""content"": ""台风我怕""}, {""sex"": ""1"", ""content"": ""别怕别怕，有我在，我会好好保护你的""}, {""sex"": ""1"", ""content"": ""怕就躲到我怀里来，台风就不会把你吹走了""}], ""lock"": 1}"
"{""chat"": [{""sex"": ""2"", ""content"": ""不猜不猜我不猜""}, {""sex"": ""1"", ""content"": ""淘气，故意跟我作对是不是？""}, {""sex"": ""1"", ""content"": ""不猜就不猜嘛，我也不告诉你""}], ""lock"": 1}"
"{""chat"": [{""sex"": ""2"", ""content"": ""行李""}, {""sex"": ""1"", ""content"": ""你打包好了行李准备搬来跟我住了嘛？""}, {""sex"": ""1"", ""content"": ""行李多吗，你一个人会不会搬不动？""}], ""lock"": 1}"
"{""chat"": [{""sex"": ""2"", ""content"": ""我只看结果""}, {""sex"": ""1"", ""content"": ""数学老师说过程也很重要。""}, {""sex"": ""1"", ""content"": ""结果真的很重要吗，为什么只在乎结果呢？""}], ""lock"": 1}"
"{""chat"": [{""sex"": ""2"", ""content"": ""没结果的""}, {""sex"": ""1"", ""content"": ""不在乎天长地久，只在乎曾经拥有。""}, {""sex"": ""1"", ""content"": ""尝试过后才会结果，不尝试肯定没结果。""}], ""lock"": 1}"
"{""chat"": [{""sex"": ""2"", ""content"": ""想我的理由""}, {""sex"": ""1"", ""content"": ""想你就是一个念头突然出现的，需要什么理由吗？""}, {""sex"": ""1"", ""content"": ""我就是想想我老婆，不可以吗？""}], ""lock"": 1}"
"{""chat"": [{""sex"": ""2"", ""content"": ""想起你了""}, {""sex"": ""1"", ""content"": ""幸好没有忘了我，不然我会难过的。""}, {""sex"": ""1"", ""content"": ""你才想起我，我可是一直都在想你啊。""}], ""lock"": 1}"
"{""chat"": [{""sex"": ""2"", ""content"": ""哈喽下班没""}, {""sex"": ""1"", ""content"": ""刚下班呢，你来找我的时间刚刚好""}, {""sex"": ""1"", ""content"": ""嗯嗯，今天又是踩点下班的一天""}], ""lock"": 1}"
"{""chat"": [{""sex"": ""2"", ""content"": ""因为我不喜欢""}, {""sex"": ""1"", ""content"": ""你不喜欢我能咋办嘛，我一点办法都没有呀。""}, {""sex"": ""1"", ""content"": ""那需要我做什么才能让你喜欢呢。""}], ""lock"": 1}"
"{""chat"": [{""sex"": ""2"", ""content"": ""我想当富婆""}, {""sex"": ""1"", ""content"": ""想想就好了，别想太多了。""}, {""sex"": ""1"", ""content"": ""我还想被富婆包养呢。""}], ""lock"": 1}"
"{""chat"": [{""sex"": ""2"", ""content"": ""你的酒窝没有酒""}, {""sex"": ""1"", ""content"": ""你却醉得像条狗？""}, {""sex"": ""1"", ""content"": ""我倒是希望我的酒窝能盛酒呢""}], ""lock"": 1}"
"{""chat"": [{""sex"": ""2"", ""content"": ""实在抱歉""}, {""sex"": ""1"", ""content"": ""没关系啦，我知道你有苦衷。""}, {""sex"": ""1"", ""content"": ""要是真的感到抱歉的话就亲我一口作为补偿吧。""}], ""lock"": 1}"
"{""chat"": [{""sex"": ""2"", ""content"": ""抱怨一下""}, {""sex"": ""1"", ""content"": ""抱怨没用，你得抱我。""}, {""sex"": ""1"", ""content"": ""生活就是这样，有许多的不尽如人意，但是我知道你是个小太阳，总能调整好自己的心态，对不对。""}], ""lock"": 1}"
"{""chat"": [{""sex"": ""2"", ""content"": ""你吃早饭了吗？""}, {""sex"": ""1"", ""content"": ""吃过啦，小仙女吃了吗？""}, {""sex"": ""1"", ""content"": ""还没呢，想吃你送的爱心早餐。""}], ""lock"": 1}"
"{""chat"": [{""sex"": ""2"", ""content"": ""我有点怕怕的""}, {""sex"": ""1"", ""content"": ""怕什么，这不是还有我在吗。""}, {""sex"": ""1"", ""content"": ""不怕不怕，我会保护你的。""}], ""lock"": 1}"
"{""chat"": [{""sex"": ""2"", ""content"": ""对女朋友圣诞节""}, {""sex"": ""1"", ""content"": ""这个圣诞节不用给我准备礼物了，因为我最想要的圣诞礼物就是你啊，并且已经收到了哦。""}, {""sex"": ""1"", ""content"": ""宝贝，圣诞节快乐！不论是平安夜圣诞节，还是元旦节春节元宵节情人节我都不会再缺席。""}], ""lock"": 1}"
"{""chat"": [{""sex"": ""2"", ""content"": ""我祝我爱的人圣诞快乐""}, {""sex"": ""1"", ""content"": ""祝我喜欢的人圣诞快乐""}, {""sex"": ""1"", ""content"": ""有你的圣诞节，我想应该会很快乐。""}], ""lock"": 1}"
"{""chat"": [{""sex"": ""2"", ""content"": ""找我干啥呢？""}, {""sex"": ""1"", ""content"": ""找你聊天不可以吗？""}, {""sex"": ""1"", ""content"": ""不找你，我还能来找谁啊。""}], ""lock"": 1}"
"{""chat"": [{""sex"": ""2"", ""content"": ""小孩哭""}, {""sex"": ""1"", ""content"": ""小孩子还是挺可爱的，但哭起来就很麻烦了""}, {""sex"": ""1"", ""content"": ""那你是不是要哄一哄小朋友呀？""}], ""lock"": 1}"
"{""chat"": [{""sex"": ""2"", ""content"": ""那你来接我啊""}, {""sex"": ""1"", ""content"": ""好的，您的专职司机来了。""}, {""sex"": ""1"", ""content"": ""要我八抬大轿来接你嘛？""}], ""lock"": 1}"
"{""chat"": [{""sex"": ""2"", ""content"": ""为啥要接吻""}, {""sex"": ""1"", ""content"": ""情到深处自然要接吻啦。""}, {""sex"": ""1"", ""content"": ""就是想和你，亲亲抱抱举高高。""}], ""lock"": 1}"
"{""chat"": [{""sex"": ""2"", ""content"": ""你知道草莓什么样的吗""}, {""sex"": ""1"", ""content"": ""怎么？你想知道吗？""}, {""sex"": ""1"", ""content"": ""我给你找下种草莓的照片哈。""}], ""lock"": 1}"
"{""chat"": [{""sex"": ""2"", ""content"": ""你认识我""}, {""sex"": ""1"", ""content"": ""网络一线牵，相遇既是缘""}, {""sex"": ""1"", ""content"": ""不认识，因为每一段美好的感情都是从陌生人开始的。""}, {""sex"": ""1"", ""content"": ""如果你不介意就告诉我你的名字和联系方式。 这样我们不就认识了吗。""}, {""sex"": ""1"", ""content"": ""咱们现在开始认识认识，不就认识了吗""}, {""sex"": ""1"", ""content"": ""我未来女朋友，怎么能不认识呢""}], ""lock"": 1}"
"{""chat"": [{""sex"": ""2"", ""content"": ""现在？""}, {""sex"": ""1"", ""content"": ""我怕错过了现在就错过了永远。""}, {""sex"": ""1"", ""content"": ""很多机会只有一次，我想要好好把握现在。""}], ""lock"": 1}"
"{""chat"": [{""sex"": ""2"", ""content"": ""遥远的她""}, {""sex"": ""1"", ""content"": ""遥远的她，不可以再归家，我在梦里却始终只有她""}, {""sex"": ""1"", ""content"": ""不遥远，你就在我心里""}], ""lock"": 1}"
"{""chat"": [{""sex"": ""2"", ""content"": ""一个人发呆""}, {""sex"": ""1"", ""content"": ""发呆的时候你不觉得自己挺可爱的吗？""}, {""sex"": ""1"", ""content"": ""有时候发呆其实也蛮不错的。""}], ""lock"": 1}"
"{""chat"": [{""sex"": ""2"", ""content"": ""早上早""}, {""sex"": ""1"", ""content"": ""说好的给我带早餐呢""}, {""sex"": ""1"", ""content"": ""我是你第一个说早安的人吗""}], ""lock"": 1}"
"{""chat"": [{""sex"": ""2"", ""content"": ""我没空啊""}, {""sex"": ""1"", ""content"": ""长得越好看的女生越忙是吗？""}, {""sex"": ""1"", ""content"": ""我有空啊，要不要分你一点？""}], ""lock"": 1}"
"{""chat"": [{""sex"": ""2"", ""content"": ""谁没有故事""}, {""sex"": ""1"", ""content"": ""那我倒是想听一听你的故事。""}, {""sex"": ""1"", ""content"": ""酒已备好，请开始讲你的故事。""}], ""lock"": 1}"
"{""chat"": [{""sex"": ""2"", ""content"": ""技术""}, {""sex"": ""1"", ""content"": ""不用怀疑我的技术，必须是一流的""}, {""sex"": ""1"", ""content"": ""我靠脸吃饭就可以了，还需要技术吗？""}], ""lock"": 1}"
"{""chat"": [{""sex"": ""2"", ""content"": ""该去吃饭了""}, {""sex"": ""1"", ""content"": ""我已经准备好去吃饭了。""}, {""sex"": ""1"", ""content"": ""想去吃点啥？有啥想吃的？""}], ""lock"": 1}"
"{""chat"": [{""sex"": ""2"", ""content"": ""你快吃吧""}, {""sex"": ""1"", ""content"": ""吃太快不好，不易于消化，我还是慢慢吃吧。""}, {""sex"": ""1"", ""content"": ""我可以一边吃一边跟你聊天，不影响的。""}], ""lock"": 1}"
"{""chat"": [{""sex"": ""2"", ""content"": ""玩游戏吧""}, {""sex"": ""1"", ""content"": ""不玩，我还得陪着你呢。""}, {""sex"": ""1"", ""content"": ""游戏哪里有你重要啊。""}], ""lock"": 1}"
"{""chat"": [{""sex"": ""2"", ""content"": ""不够了解我""}, {""sex"": ""1"", ""content"": ""我在慢慢了解你，也许进度有点慢，但总有一天我会了解你的全部。""}, {""sex"": ""1"", ""content"": ""你要给我机会和足够的时间，我才能把你了解透彻啊。""}], ""lock"": 1}"
"{""chat"": [{""sex"": ""2"", ""content"": ""早安后""}, {""sex"": ""1"", ""content"": ""早安后的吻呢""}, {""sex"": ""1"", ""content"": ""早安后就应该一起吃早饭了""}], ""lock"": 1}"
"{""chat"": [{""sex"": ""2"", ""content"": ""早安早安""}, {""sex"": ""1"", ""content"": ""早呀，今天的你依旧是美丽的小仙女。""}, {""sex"": ""1"", ""content"": ""早上好，有你的问候好像阳光更加明媚了。""}], ""lock"": 1}"
"{""chat"": [{""sex"": ""2"", ""content"": ""晚上该怎么聊天""}, {""sex"": ""1"", ""content"": ""一个人的夜，我的心，应该放你那里~""}, {""sex"": ""1"", ""content"": ""晚上好啊，今天一天过得怎么样啦？""}], ""lock"": 1}"
"{""chat"": [{""sex"": ""2"", ""content"": ""你是不是想死了""}, {""sex"": ""1"", ""content"": ""不想，我还想陪着你呢。""}, {""sex"": ""1"", ""content"": ""你是想当寡妇咯？""}], ""lock"": 1}"
"{""chat"": [{""sex"": ""2"", ""content"": ""起的早""}, {""sex"": ""1"", ""content"": ""还有没有一点年轻人的样子了，不应该和我一起赖床吗""}, {""sex"": ""1"", ""content"": ""这么早就起了，不愧是勤劳的小蜜蜂""}], ""lock"": 1}"
"{""chat"": [{""sex"": ""2"", ""content"": ""我七点就起床了""}, {""sex"": ""1"", ""content"": ""小仙女这么早就起床了嘛。""}, {""sex"": ""1"", ""content"": ""怎么起这么早，不多睡会吗？""}], ""lock"": 1}"
"{""chat"": [{""sex"": ""2"", ""content"": ""天天早起""}, {""sex"": ""1"", ""content"": ""看来我以后要向你学习天天早起。""}, {""sex"": ""1"", ""content"": ""不光长得好看还这么自律，果然是宝藏女孩呀。""}], ""lock"": 1}"
"{""chat"": [{""sex"": ""2"", ""content"": ""你有故事吗？""}, {""sex"": ""1"", ""content"": ""你有酒吗。""}, {""sex"": ""1"", ""content"": ""我想听你的故事，却唯独少了酒。""}], ""lock"": 1}"
"{""chat"": [{""sex"": ""2"", ""content"": ""怕你太累了""}, {""sex"": ""1"", ""content"": ""再苦再累，我都觉得是值得的。""}, {""sex"": ""1"", ""content"": ""比起追上你的步伐，这点累又算得了什么呢。""}], ""lock"": 1}"
"{""chat"": [{""sex"": ""2"", ""content"": ""呼吸啊""}, {""sex"": ""1"", ""content"": ""真有默契，我也在呼吸。""}, {""sex"": ""1"", ""content"": ""我有点缺氧，你能不能给我做人工呼吸啊？""}], ""lock"": 1}"
"{""chat"": [{""sex"": ""2"", ""content"": ""不是我老公""}, {""sex"": ""1"", ""content"": ""但是我可以成为你的老公啊。""}, {""sex"": ""1"", ""content"": ""那我啥时候可以成为你的老公呢？""}], ""lock"": 1}"
"{""chat"": [{""sex"": ""2"", ""content"": ""你会不会哭啊""}, {""sex"": ""1"", ""content"": ""你要伤了我的心，我肯定会哭啊。""}, {""sex"": ""1"", ""content"": ""男儿有泪不轻弹。""}], ""lock"": 1}"
"{""chat"": [{""sex"": ""2"", ""content"": ""一晚上没睡好""}, {""sex"": ""1"", ""content"": ""对不起，都怪我没哄你睡觉。""}, {""sex"": ""1"", ""content"": ""是不是少了我的陪伴就睡不好了？""}], ""lock"": 1}"
"{""chat"": [{""sex"": ""2"", ""content"": ""没睡好？""}, {""sex"": ""1"", ""content"": ""主要是因为睡觉的时候梦里没有你""}, {""sex"": ""1"", ""content"": ""还不是因为你没有和我说晚安。""}], ""lock"": 1}"
"{""chat"": [{""sex"": ""2"", ""content"": ""你怎么不上班""}, {""sex"": ""1"", ""content"": ""上班能有老婆重要吗？""}, {""sex"": ""1"", ""content"": ""不想上班就不去上了，哪有那么多原因。""}], ""lock"": 1}"
"{""chat"": [{""sex"": ""2"", ""content"": ""我谈对象了""}, {""sex"": ""1"", ""content"": ""你对象不就是我嘛。""}, {""sex"": ""1"", ""content"": ""你谈……对象了？是除了我以外别的男生吗？""}], ""lock"": 1}"
"{""chat"": [{""sex"": ""2"", ""content"": ""照片好美""}, {""sex"": ""1"", ""content"": ""再美的照片也不及你美。""}, {""sex"": ""1"", ""content"": ""比照片更美的是你呀。""}], ""lock"": 1}"
"{""chat"": [{""sex"": ""2"", ""content"": ""像不像""}, {""sex"": ""1"", ""content"": ""我看你就挺像我女朋友的""}, {""sex"": ""1"", ""content"": ""你不说我还不觉得，你一说我倒是觉得越来越像了""}], ""lock"": 1}"
"{""chat"": [{""sex"": ""2"", ""content"": ""该上课了""}, {""sex"": ""1"", ""content"": ""现在上课也是一种幸福啊。""}, {""sex"": ""1"", ""content"": ""好好上课，认真学习。""}], ""lock"": 1}"
"{""chat"": [{""sex"": ""2"", ""content"": ""你不累么""}, {""sex"": ""1"", ""content"": ""有你在我怎么会累呢。""}, {""sex"": ""1"", ""content"": ""男女搭配干活不累。""}], ""lock"": 1}"
"{""chat"": [{""sex"": ""2"", ""content"": ""我在吃饭呀""}, {""sex"": ""1"", ""content"": ""吃什么好吃的呀，我好饿啊""}, {""sex"": ""1"", ""content"": ""那你慢慢吃哦，细嚼慢咽才好消化""}], ""lock"": 1}"
"{""chat"": [{""sex"": ""2"", ""content"": ""你怎么知道我长什么样""}, {""sex"": ""1"", ""content"": ""仙女肯定是长你这样的啊。""}, {""sex"": ""1"", ""content"": ""我猜的，是不是应该有奖励啊。""}], ""lock"": 1}"
"{""chat"": [{""sex"": ""2"", ""content"": ""我是全能的""}, {""sex"": ""1"", ""content"": ""能让我看看你的全能技能吗？""}, {""sex"": ""1"", ""content"": ""我就知道我喜欢的人很厉害。""}], ""lock"": 1}"
"{""chat"": [{""sex"": ""2"", ""content"": ""累不累呢""}, {""sex"": ""1"", ""content"": ""不累，想想你我就觉得浑身充满力量。""}, {""sex"": ""1"", ""content"": ""有一点点累，你可以帮我按按摩吗？""}], ""lock"": 1}"
"{""chat"": [{""sex"": ""2"", ""content"": ""挺晚的""}, {""sex"": ""1"", ""content"": ""是挺晚的了，小仙女该睡觉觉啦""}, {""sex"": ""1"", ""content"": ""是呀，你该睡觉了，快跟我说晚安""}], ""lock"": 1}"
"{""chat"": [{""sex"": ""2"", ""content"": ""职业""}, {""sex"": ""1"", ""content"": ""我有一份女朋友的职业需要你担任一下""}, {""sex"": ""1"", ""content"": ""爱你，我是职业的""}], ""lock"": 1}"
"{""chat"": [{""sex"": ""2"", ""content"": ""出去干嘛啊""}, {""sex"": ""1"", ""content"": ""还能干嘛，当然是去找你啊。""}, {""sex"": ""1"", ""content"": ""做一些自己想做的事情。""}], ""lock"": 1}"
"{""chat"": [{""sex"": ""2"", ""content"": ""可惜你不是""}, {""sex"": ""1"", ""content"": ""我怎么不是了，我不可以是吗？""}, {""sex"": ""1"", ""content"": ""你可惜得太早了，说不定就是我呢""}], ""lock"": 1}"
"{""chat"": [{""sex"": ""2"", ""content"": ""我都没发现""}, {""sex"": ""1"", ""content"": ""因为你是笨蛋啊，我都喜欢你这么明显了还没发现。""}, {""sex"": ""1"", ""content"": ""我就知道我隐藏得太好了，真应该早点露出马脚。""}], ""lock"": 1}"
"{""chat"": [{""sex"": ""2"", ""content"": ""起这么早？""}, {""sex"": ""1"", ""content"": ""帅气的人一般都很早起床。""}, {""sex"": ""1"", ""content"": ""早一点替你感受一下今天的温度呀。""}], ""lock"": 1}"
"{""chat"": [{""sex"": ""2"", ""content"": ""这么多菜""}, {""sex"": ""1"", ""content"": ""多吃点蔬菜可以补充维生素嘛。""}, {""sex"": ""1"", ""content"": ""这么多菜也比不上你，你才是我的菜。""}], ""lock"": 1}"
"{""chat"": [{""sex"": ""2"", ""content"": ""拯救世界""}, {""sex"": ""1"", ""content"": ""拯救世界的事情就交给蜘蛛侠吧""}, {""sex"": ""1"", ""content"": ""世界这么大，你能拯救我就够了""}], ""lock"": 1}"
"{""chat"": [{""sex"": ""2"", ""content"": ""我好笨的诶""}, {""sex"": ""1"", ""content"": ""没事啊，我聪明不就完事了。""}, {""sex"": ""1"", ""content"": ""哪里笨了，明明聪明的好不好。""}], ""lock"": 1}"
"{""chat"": [{""sex"": ""2"", ""content"": ""我要追剧""}, {""sex"": ""1"", ""content"": ""我小名叫剧，我做好准备了，你可以开始追了""}, {""sex"": ""1"", ""content"": ""你追我，你追到我就让你嘿嘿嘿""}], ""lock"": 1}"
"{""chat"": [{""sex"": ""2"", ""content"": ""什么感觉呀""}, {""sex"": ""1"", ""content"": ""很微妙的感觉，我没办法用言语告诉你。""}, {""sex"": ""1"", ""content"": ""感觉很舒服，我觉得挺开心的。""}], ""lock"": 1}"
"{""chat"": [{""sex"": ""2"", ""content"": ""强大""}, {""sex"": ""1"", ""content"": ""我有强大的臂弯，可以给你安全的港湾""}, {""sex"": ""1"", ""content"": ""人只有变得强大才能无所畏惧""}], ""lock"": 1}"
"{""chat"": [{""sex"": ""2"", ""content"": ""摔得真不轻""}, {""sex"": ""1"", ""content"": ""那我背着你，好不好呀。""}, {""sex"": ""1"", ""content"": ""那块你摔倒的地没事吧？""}], ""lock"": 1}"
"{""chat"": [{""sex"": ""2"", ""content"": ""带我去吃饭""}, {""sex"": ""1"", ""content"": ""带了一个吃货出门吃饭，我哭了""}, {""sex"": ""1"", ""content"": ""你是准备吃垮我的节奏吗？""}], ""lock"": 1}"
"{""chat"": [{""sex"": ""2"", ""content"": ""夕阳无限好，只是近黄昏""}, {""sex"": ""1"", ""content"": ""向晚意不适，驱车登古原。""}, {""sex"": ""1"", ""content"": ""若得夕阳无限好,何须惆怅近黄昏。""}], ""lock"": 1}"
"{""chat"": [{""sex"": ""2"", ""content"": ""要约吗""}, {""sex"": ""1"", ""content"": ""小仙女都开口了我有什么理由拒绝？""}, {""sex"": ""1"", ""content"": ""当然要，一直在等你约我呢。""}], ""lock"": 1}"
"{""chat"": [{""sex"": ""2"", ""content"": ""活的""}, {""sex"": ""1"", ""content"": ""喘气的，肯定是活的呀""}, {""sex"": ""1"", ""content"": ""哇，那要不是活的就太吓人了""}], ""lock"": 1}"
"{""chat"": [{""sex"": ""2"", ""content"": ""你也撩不动我""}, {""sex"": ""1"", ""content"": ""话可别说太早，我要是把你撩动了怎么办？""}, {""sex"": ""1"", ""content"": ""你的心又不是石头做的，我肯定有办法能撩得动你。""}], ""lock"": 1}"
"{""chat"": [{""sex"": ""2"", ""content"": ""我看看你的照片""}, {""sex"": ""1"", ""content"": ""那你做好爱上我的准备吧。""}, {""sex"": ""1"", ""content"": ""照片和本人差不多，约出来看就好。""}], ""lock"": 1}"
"{""chat"": [{""sex"": ""2"", ""content"": ""遇到你了啊""}, {""sex"": ""1"", ""content"": ""遇到这么好的你，真的不容易啊。""}, {""sex"": ""1"", ""content"": ""遇见不容易，所以错过了会很可惜。""}], ""lock"": 1}"
"{""chat"": [{""sex"": ""2"", ""content"": ""我是小懒猪""}, {""sex"": ""1"", ""content"": ""这么可爱的小懒猪吗？""}, {""sex"": ""1"", ""content"": ""那需要我来养你这头小懒猪吗？""}], ""lock"": 1}"
"{""chat"": [{""sex"": ""2"", ""content"": ""怎样开场白""}, {""sex"": ""1"", ""content"": ""你的头像很萌啊""}, {""sex"": ""1"", ""content"": ""头像是你吗，我好像见过你""}, {""sex"": ""1"", ""content"": ""活捉一只夜猫子。（适合深夜开场白）""}, {""sex"": ""1"", ""content"": ""您好，请问有时间吗？我有个天想和您聊一下。""}, {""sex"": ""1"", ""content"": ""hi,发现你朋友圈的自拍照都美美哒，肯定是个会拍照会生活的女生。""}, {""sex"": ""1"", ""content"": ""翻到你分享的那首歌，最近都是我的单曲循环。""}, {""sex"": ""1"", ""content"": ""hi,你朋友圈的那碗鸡汤我喝了。""}, {""sex"": ""1"", ""content"": ""哈喽，好可爱的头像，哈哈哈（美美的搞怪自拍型头像）""}, {""sex"": ""1"", ""content"": ""hey,你好，爱旅游的小仙女。（旅游型头像）""}, {""sex"": ""1"", ""content"": ""今天好像在XX遇到你了，但是不确定。""}], ""lock"": 1}"
"{""chat"": [{""sex"": ""2"", ""content"": ""开场白。""}, {""sex"": ""1"", ""content"": ""嗨，很抱歉，稍等一下，我只有一分钟的时间，我想如果不和你打个招呼认识一下，等一下可能会后悔。在XX（地方）漂亮的女孩不少，但我觉""}, {""sex"": ""1"", ""content"": ""Hi，我刚才在那边等朋友的时候看到你经过，觉得你很有气质／好可爱／很特别，所以冒险过来跟你打个招呼，认识一下。刚才经过看到你，不""}, {""sex"": ""1"", ""content"": ""Hi，刚才我一直在考虑，要怎样和你打个招呼，认识一下，或许你会觉得这很老套，但我真心觉得你蛮漂亮的。""}, {""sex"": ""1"", ""content"": ""Hi，你觉得我要问你什么样的问题才可以认识你呢？""}, {""sex"": ""1"", ""content"": ""你好，我想问一下……（表现停顿状），不过问什么我已经忘了，其实我只是想过来和你打个招呼认识你。""}, {""sex"": ""1"", ""content"": ""我想问一下洗手间／XX楼怎么走，（她指着前面），我知道，其实我只是想认识你，不过刚才有点紧张。""}, {""sex"": ""1"", ""content"": ""我觉得我自己很有气质，所以想和你认识一下。""}, {""sex"": ""1"", ""content"": ""我好像在那见过你／你好像我上某某课的同学""}, {""sex"": ""1"", ""content"": ""我觉得我自己很有气质，所以想和你认识一下。""}, {""sex"": ""1"", ""content"": ""请问你单身吗，如果是就说：“我想认识你”，如果不是说：“我猜你还没结婚”。""}, {""sex"": ""1"", ""content"": ""你看起来不像坏人，我想我们可以交个朋友。""}], ""lock"": 1}"
"{""chat"": [{""sex"": ""2"", ""content"": ""开场白""}, {""sex"": ""1"", ""content"": ""告诉你个秘密""}, {""sex"": ""2"", ""content"": ""什么秘密？""}, {""sex"": ""1"", ""content"": ""我看上你了，小心点""}], ""lock"": 1}"
"{""chat"": [{""sex"": ""2"", ""content"": ""晚上开场白""}, {""sex"": ""1"", ""content"": ""长夜漫漫，无心睡眠。特来找菇凉聊天。""}], ""lock"": 1}"
"{""chat"": [{""sex"": ""2"", ""content"": ""帅哥吗""}, {""sex"": ""1"", ""content"": ""是呀，你可以叫我小哥哥哟""}, {""sex"": ""1"", ""content"": ""是帅哥没错了，你是美女吗""}], ""lock"": 1}"
"{""chat"": [{""sex"": ""2"", ""content"": ""猜猜我多大""}, {""sex"": ""1"", ""content"": ""猜出来了有啥奖励没""}, {""sex"": ""1"", ""content"": "" 我更想听你亲口告诉我""}], ""lock"": 1}"
"{""chat"": [{""sex"": ""2"", ""content"": ""最近在忙吗""}, {""sex"": ""1"", ""content"": ""谁告诉你我忙啦，难怪你都不来找我""}, {""sex"": ""1"", ""content"": ""你不找我，我只能让自己忙点啦""}], ""lock"": 1}"
"{""chat"": [{""sex"": ""2"", ""content"": ""我去找小哥哥""}, {""sex"": ""1"", ""content"": ""我就是你要找的小哥哥。""}, {""sex"": ""1"", ""content"": ""我姓小，名哥哥，来找我吧。""}], ""lock"": 1}"
"{""chat"": [{""sex"": ""2"", ""content"": ""那我不打扰你了""}, {""sex"": ""1"", ""content"": ""但是我想让你打扰我一辈子""}, {""sex"": ""1"", ""content"": ""都打扰我了，那怎么补偿我呐""}], ""lock"": 1}"
"{""chat"": [{""sex"": ""2"", ""content"": ""我先说""}, {""sex"": ""1"", ""content"": ""好，女士优先，请~""}, {""sex"": ""1"", ""content"": ""那我就洗耳恭听啦。""}], ""lock"": 1}"
"{""chat"": [{""sex"": ""2"", ""content"": ""问人家名字""}, {""sex"": ""1"", ""content"": ""我翻遍了整本书，都找不到你的名字""}, {""sex"": ""1"", ""content"": ""我告诉了你我的名字，你能回一下礼吗？""}], ""lock"": 1}"
"{""chat"": [{""sex"": ""2"", ""content"": ""熟人就不会觉得高冷""}, {""sex"": ""1"", ""content"": ""那你现在不就不高冷了。""}, {""sex"": ""1"", ""content"": ""熟人好办事。""}], ""lock"": 1}"
"{""chat"": [{""sex"": ""2"", ""content"": ""我是第几个""}, {""sex"": ""1"", ""content"": ""你是最后一个。""}, {""sex"": ""1"", ""content"": ""第几个不重要，重要的是你是我此时此刻最想拥有的那一个。""}], ""lock"": 1}"
"{""chat"": [{""sex"": ""2"", ""content"": ""我想睡觉觉""}, {""sex"": ""1"", ""content"": ""怀里时刻为你准备好位置，睡吧。""}, {""sex"": ""1"", ""content"": ""靠在我身上，随便睡。""}], ""lock"": 1}"
"{""chat"": [{""sex"": ""2"", ""content"": ""我们不认识呀""}, {""sex"": ""1"", ""content"": ""人与人相识都是需要一个契机的。""}, {""sex"": ""1"", ""content"": ""我们现在说上话了就算认识了。""}], ""lock"": 1}"
"{""chat"": [{""sex"": ""2"", ""content"": ""那你就等呗""}, {""sex"": ""1"", ""content"": ""等着你喜欢上我""}, {""sex"": ""1"", ""content"": ""我从来都不是一个喜欢等待的人。""}], ""lock"": 1}"
"{""chat"": [{""sex"": ""2"", ""content"": ""睡不着，等着你聊天呐""}, {""sex"": ""1"", ""content"": ""总想着我能睡得着吗""}, {""sex"": ""1"", ""content"": ""那我们来聊聊人生理想吧""}], ""lock"": 1}"
"{""chat"": [{""sex"": ""2"", ""content"": ""我长得不丑吗？""}, {""sex"": ""1"", ""content"": ""你要是长得丑，那其他人怕是要丑死了。""}, {""sex"": ""1"", ""content"": ""你能不能给别人留点面子啊。""}], ""lock"": 1}"
"{""chat"": [{""sex"": ""2"", ""content"": ""是你不找我""}, {""sex"": ""1"", ""content"": ""我一直在等待找你的时机出现。""}, {""sex"": ""1"", ""content"": ""我只是怕我给你发消息会打扰到你。""}], ""lock"": 1}"
"{""chat"": [{""sex"": ""2"", ""content"": ""生活如此艰难""}, {""sex"": ""1"", ""content"": ""唯你肚甜！""}, {""sex"": ""1"", ""content"": ""但生活不艰难还能是生活吗？""}], ""lock"": 1}"
"{""chat"": [{""sex"": ""2"", ""content"": ""万一我很坏呢""}, {""sex"": ""1"", ""content"": ""坏一点我也很喜欢的。""}, {""sex"": ""1"", ""content"": ""你要是不坏也不会喜欢你。""}], ""lock"": 1}"
"{""chat"": [{""sex"": ""2"", ""content"": ""你是？你是？""}, {""sex"": ""1"", ""content"": ""我什么也不是，我只是你的小哥哥""}, {""sex"": ""1"", ""content"": ""是不是因为我长得帅，才对我这么好奇呀？""}], ""lock"": 1}"
"{""chat"": [{""sex"": ""2"", ""content"": ""会长肉""}, {""sex"": ""1"", ""content"": ""肉肉的不是挺可爱的嘛。""}, {""sex"": ""1"", ""content"": ""长肉怕啥，我陪你减肉！""}], ""lock"": 1}"
"{""chat"": [{""sex"": ""2"", ""content"": ""我在吃肉""}, {""sex"": ""1"", ""content"": ""你不就是我的心头肉吗！""}, {""sex"": ""1"", ""content"": ""吃！吃肉肉""}], ""lock"": 1}"
"{""chat"": [{""sex"": ""2"", ""content"": ""我快难受死了""}, {""sex"": ""1"", ""content"": ""你难受我却不知道做什么，我好没用""}, {""sex"": ""1"", ""content"": ""你看吧，别想我啦一想我，你就难受""}], ""lock"": 1}"
"{""chat"": [{""sex"": ""2"", ""content"": ""我老难受了""}, {""sex"": ""1"", ""content"": ""你难受的时候，我比你还难受。""}, {""sex"": ""1"", ""content"": ""难受的时候找我呀。""}], ""lock"": 1}"
"{""chat"": [{""sex"": ""2"", ""content"": ""这不是废话""}, {""sex"": ""1"", ""content"": ""有些废话不得不说呀，万一你忘记了怎么办？""}, {""sex"": ""1"", ""content"": ""爱情就是从多说废话开始的""}], ""lock"": 1}"
"{""chat"": [{""sex"": ""2"", ""content"": ""晚上聊啥""}, {""sex"": ""1"", ""content"": ""晚上当然是聊一些晚上该聊的话题啦。""}, {""sex"": ""1"", ""content"": ""不聊了，我要开始撩仙女了。""}], ""lock"": 1}"
"{""chat"": [{""sex"": ""2"", ""content"": ""像话吗这""}, {""sex"": ""1"", ""content"": ""你已经美的不像话了。""}, {""sex"": ""1"", ""content"": ""我和你在一起就像神话一般了。""}], ""lock"": 1}"
"{""chat"": [{""sex"": ""2"", ""content"": ""还在忙""}, {""sex"": ""1"", ""content"": ""仙女应该是享受生活的怎么可以整日忙忙碌碌？""}, {""sex"": ""1"", ""content"": ""你沉迷工作无法自拔了吗？""}], ""lock"": 1}"
"{""chat"": [{""sex"": ""2"", ""content"": ""你老撩我""}, {""sex"": ""1"", ""content"": ""放着喜欢的人不撩给别人机会吗？""}, {""sex"": ""1"", ""content"": ""你不知道我为什么要撩你嘛？""}], ""lock"": 1}"
"{""chat"": [{""sex"": ""2"", ""content"": ""怪我啰""}, {""sex"": ""1"", ""content"": ""怪你长得过分的好看了。""}, {""sex"": ""1"", ""content"": ""就怪你，让我深深的爱上你。""}], ""lock"": 1}"
"{""chat"": [{""sex"": ""2"", ""content"": ""你说为啥""}, {""sex"": ""1"", ""content"": ""这个我就不知道了，这个问题太深奥。""}, {""sex"": ""1"", ""content"": ""哪里有这么多为什么，你当你是十万个为什么啊。""}], ""lock"": 1}"
"{""chat"": [{""sex"": ""2"", ""content"": ""为啥要理你""}, {""sex"": ""1"", ""content"": ""你要是不理我，我就成了狗不理包子，你就是狗儿。""}, {""sex"": ""1"", ""content"": ""妈妈说不理人是不礼貌的行为。""}], ""lock"": 1}"
"{""chat"": [{""sex"": ""2"", ""content"": ""跟你没关系啊""}, {""sex"": ""1"", ""content"": ""怎么可能跟我没关系呢？""}, {""sex"": ""1"", ""content"": ""你觉得没关系，可我觉得关系可大了。""}], ""lock"": 1}"
"{""chat"": [{""sex"": ""2"", ""content"": ""多心疼""}, {""sex"": ""1"", ""content"": ""你要是心疼的话可以抱抱我。""}, {""sex"": ""1"", ""content"": ""有时候习惯了就好。""}], ""lock"": 1}"
"{""chat"": [{""sex"": ""2"", ""content"": ""要男朋友有啥用""}, {""sex"": ""1"", ""content"": ""逗你开心给你拥抱让你体验甜甜的恋爱。""}, {""sex"": ""1"", ""content"": ""你没有过男朋友，当然不知道男朋友的好了。""}], ""lock"": 1}"
"{""chat"": [{""sex"": ""2"", ""content"": ""你是大神""}, {""sex"": ""1"", ""content"": ""那你是大神的女人？""}, {""sex"": ""1"", ""content"": ""不敢不敢，小仙女太看得起我了。""}], ""lock"": 1}"
"{""chat"": [{""sex"": ""2"", ""content"": ""舍得么""}, {""sex"": ""1"", ""content"": ""有舍才会有得，就算不舍得有什么用。""}, {""sex"": ""1"", ""content"": ""我说不舍得难道有什么用吗？""}], ""lock"": 1}"
"{""chat"": [{""sex"": ""2"", ""content"": ""靠山""}, {""sex"": ""1"", ""content"": ""以后我就是你的靠山了，你放心靠着吧。""}, {""sex"": ""1"", ""content"": ""有我这么坚实的靠山，是不是觉得很心安。""}], ""lock"": 1}"
"{""chat"": [{""sex"": ""2"", ""content"": ""山楂""}, {""sex"": ""1"", ""content"": ""突然想吃糖葫芦了""}, {""sex"": ""1"", ""content"": ""我的山楂树之恋，只有是和你才能纯洁""}], ""lock"": 1}"
"{""chat"": [{""sex"": ""2"", ""content"": ""我要剪头发了""}, {""sex"": ""1"", ""content"": ""怎么突然想剪头发了呢，长头发不好吗？""}, {""sex"": ""1"", ""content"": ""那你剪完我要做第一个看的人""}], ""lock"": 1}"
"{""chat"": [{""sex"": ""2"", ""content"": ""没忘记我吧""}, {""sex"": ""1"", ""content"": ""哪敢忘记你啊，一定要死死记住你""}, {""sex"": ""1"", ""content"": ""手机、电脑壁纸都是你，你觉得我会忘记你吗？""}], ""lock"": 1}"
"{""chat"": [{""sex"": ""2"", ""content"": ""忘记拿钥匙""}, {""sex"": ""1"", ""content"": ""笨蛋，钥匙都能忘记带，那你怎么回家呀？""}, {""sex"": ""1"", ""content"": ""看来你回不去了，需要到我这里来寄宿一宿吗？""}], ""lock"": 1}"
"{""chat"": [{""sex"": ""2"", ""content"": ""你忘了吗""}, {""sex"": ""1"", ""content"": ""我怎么会忘记你呢。""}, {""sex"": ""1"", ""content"": ""不会忘，已经记在心里了。""}], ""lock"": 1}"
"{""chat"": [{""sex"": ""2"", ""content"": ""形象没了""}, {""sex"": ""1"", ""content"": ""有没有形象那都是你，是我喜欢的你。""}, {""sex"": ""1"", ""content"": ""在我面前你不需要有形象。""}], ""lock"": 1}"
"{""chat"": [{""sex"": ""2"", ""content"": ""加了好友""}, {""sex"": ""1"", ""content"": ""既然加了好友就不要浪费了""}, {""sex"": ""1"", ""content"": ""以后我们就是互相刷朋友圈的关系了""}], ""lock"": 1}"
"{""chat"": [{""sex"": ""2"", ""content"": ""没有很久吧""}, {""sex"": ""1"", ""content"": ""但是可以很久不是嘛？""}, {""sex"": ""1"", ""content"": ""一日不见如隔三秋，挺久的了。""}], ""lock"": 1}"
"{""chat"": [{""sex"": ""2"", ""content"": ""我要生日了""}, {""sex"": ""1"", ""content"": ""看来我得好好想想怎么送你生日礼物了。""}, {""sex"": ""1"", ""content"": ""这时候得花点钱才行了。""}], ""lock"": 1}"
"{""chat"": [{""sex"": ""2"", ""content"": ""祝我生日快乐""}, {""sex"": ""1"", ""content"": ""我不想祝你生日快乐。""}, {""sex"": ""2"", ""content"": ""嗯？找打？""}, {""sex"": ""1"", ""content"": ""我只想买个生日礼物给你，生日祝福只是说说而我要的是行动""}], ""lock"": 1}"
"{""chat"": [{""sex"": ""2"", ""content"": ""太阳落山了""}, {""sex"": ""1"", ""content"": ""夏天到了，太阳都很晚才落山。""}, {""sex"": ""1"", ""content"": ""天黑了，你该回家啦。""}], ""lock"": 1}"
"{""chat"": [{""sex"": ""2"", ""content"": ""我是恐龙""}, {""sex"": ""1"", ""content"": ""那我就是霸王龙！嗷呜""}, {""sex"": ""1"", ""content"": ""那就看我如何降服你这头恐龙！""}], ""lock"": 1}"
"{""chat"": [{""sex"": ""2"", ""content"": ""喜欢吃小龙虾""}, {""sex"": ""1"", ""content"": ""那我给你剥虾好不好？""}, {""sex"": ""1"", ""content"": ""那你会喜欢一个带你吃小龙虾的人吗。""}], ""lock"": 1}"
"{""chat"": [{""sex"": ""2"", ""content"": ""你这个年纪为什么要急着谈恋爱""}, {""sex"": ""1"", ""content"": ""我这不是怕过了这个年纪就没有欲望谈恋爱了。""}, {""sex"": ""1"", ""content"": ""我这个年纪为什么不急着谈恋爱呢。""}], ""lock"": 1}"
"{""chat"": [{""sex"": ""2"", ""content"": ""事事如意""}, {""sex"": ""1"", ""content"": ""事事如意，身体健康，这就足够了""}, {""sex"": ""1"", ""content"": ""我相信所有事情都会如你所愿的""}], ""lock"": 1}"
"{""chat"": [{""sex"": ""2"", ""content"": ""哥哥说的对""}, {""sex"": ""1"", ""content"": ""那哥哥是不是应该得到一些奖励？""}, {""sex"": ""1"", ""content"": ""哥哥什么时候说得不对？""}], ""lock"": 1}"
"{""chat"": [{""sex"": ""2"", ""content"": ""你是老人家""}, {""sex"": ""1"", ""content"": ""没错没错，我是老人家你是小朋友。""}, {""sex"": ""1"", ""content"": ""那你就要尊老爱幼，照顾我一点啊。""}], ""lock"": 1}"
"{""chat"": [{""sex"": ""2"", ""content"": ""没死就好""}, {""sex"": ""1"", ""content"": ""死可不是这么简单的事。""}, {""sex"": ""1"", ""content"": ""这么消极可不行哟。""}], ""lock"": 1}"
"{""chat"": [{""sex"": ""2"", ""content"": ""以后注意点""}, {""sex"": ""1"", ""content"": ""好好好，我以后会多注意的。""}, {""sex"": ""1"", ""content"": ""你这是在关心我吗？""}], ""lock"": 1}"
"{""chat"": [{""sex"": ""2"", ""content"": ""我去找小鲜肉聊天去了""}, {""sex"": ""1"", ""content"": ""那我就去找小姐姐聊天了。""}, {""sex"": ""1"", ""content"": ""你这么作良心不会痛吗。""}], ""lock"": 1}"
"{""chat"": [{""sex"": ""2"", ""content"": ""这不太现实""}, {""sex"": ""1"", ""content"": ""很多事情都是通过不断地努力去实现的。""}, {""sex"": ""1"", ""content"": ""也许现在看上去不现实，但我相信总有一天会实现的。""}], ""lock"": 1}"
"{""chat"": [{""sex"": ""2"", ""content"": ""现实太残酷""}, {""sex"": ""1"", ""content"": ""所以我要在梦里多待一会儿，梦里的你是属于我的。""}, {""sex"": ""1"", ""content"": ""再残酷也要面对现实，人不能总是活在虚幻中。""}], ""lock"": 1}"
"{""chat"": [{""sex"": ""2"", ""content"": ""有人叫我阿姨""}, {""sex"": ""1"", ""content"": ""那我去问问有没有叫我叔叔。""}, {""sex"": ""1"", ""content"": ""长得这么好看哪里看起来像是阿姨了。""}], ""lock"": 1}"
"{""chat"": [{""sex"": ""2"", ""content"": ""喜欢宅在家里""}, {""sex"": ""1"", ""content"": ""宅太久小心长蘑菇哦。""}, {""sex"": ""1"", ""content"": ""喜欢宅在家里的人一般内心都有一个丰富的世界。""}], ""lock"": 1}"
"{""chat"": [{""sex"": ""2"", ""content"": ""年少轻狂""}, {""sex"": ""1"", ""content"": ""年少不知缘何深啊。""}, {""sex"": ""1"", ""content"": ""等了老了至少不会有遗憾吧。""}], ""lock"": 1}"
"{""chat"": [{""sex"": ""2"", ""content"": ""可爱嗷""}, {""sex"": ""1"", ""content"": ""你是什么绝世小可爱啊！""}, {""sex"": ""1"", ""content"": ""什么可爱都不如你可爱呀。""}], ""lock"": 1}"
"{""chat"": [{""sex"": ""2"", ""content"": ""那就拭目以待""}, {""sex"": ""1"", ""content"": ""那小仙女就期待我的表现吧。""}, {""sex"": ""1"", ""content"": ""我肯定不会让你失望的。""}], ""lock"": 1}"
"{""chat"": [{""sex"": ""2"", ""content"": ""可厉害""}, {""sex"": ""1"", ""content"": ""那必须的，哥哥我可不是一般人""}, {""sex"": ""1"", ""content"": ""我这么厉害你都不奖励我一下吗？""}], ""lock"": 1}"
"{""chat"": [{""sex"": ""2"", ""content"": ""我不知道的多了""}, {""sex"": ""1"", ""content"": ""给你一个机会让你了解的更多一些。""}, {""sex"": ""1"", ""content"": ""你愿意去了解更多吗？""}], ""lock"": 1}"
"{""chat"": [{""sex"": ""2"", ""content"": ""我睡到自然醒""}, {""sex"": ""1"", ""content"": ""那是多少人的梦想啊。""}, {""sex"": ""1"", ""content"": ""那今天的你不会突然消失在我梦里了。""}], ""lock"": 1}"
"{""chat"": [{""sex"": ""2"", ""content"": ""想是什么感觉！""}, {""sex"": ""1"", ""content"": ""是一种很奇妙的感觉。""}, {""sex"": ""1"", ""content"": ""没办法用语言说出来，等你有了就知道了。""}], ""lock"": 1}"
"{""chat"": [{""sex"": ""2"", ""content"": ""心情不好的时候就想到了你""}, {""sex"": ""1"", ""content"": ""我看你是想揍我吧！""}, {""sex"": ""1"", ""content"": ""那你啥时候心情好也能想到我啊。""}], ""lock"": 1}"
"{""chat"": [{""sex"": ""2"", ""content"": ""我都累死了""}, {""sex"": ""1"", ""content"": ""需要我来给你抢救一下吗，我会人工呼吸急救的。""}, {""sex"": ""1"", ""content"": ""还能回消息，说明一时半会还死不了""}], ""lock"": 1}"
"{""chat"": [{""sex"": ""2"", ""content"": ""我是你兄弟""}, {""sex"": ""1"", ""content"": ""一起同床共枕的兄弟？""}, {""sex"": ""1"", ""content"": ""你是“兄”我是弟。""}], ""lock"": 1}"
"{""chat"": [{""sex"": ""2"", ""content"": ""这个我知道""}, {""sex"": ""1"", ""content"": ""既然知道，怎么还不答应我。""}, {""sex"": ""1"", ""content"": ""那你想不想跟我在一起。""}], ""lock"": 1}"
"{""chat"": [{""sex"": ""2"", ""content"": ""最近忙呀""}, {""sex"": ""1"", ""content"": ""知道你辛苦了，所以才来给你解解闷""}, {""sex"": ""1"", ""content"": ""我可以帮你捶捶肩膀啊，什么的""}], ""lock"": 1}"
"{""chat"": [{""sex"": ""2"", ""content"": ""我好像发烧了...""}, {""sex"": ""1"", ""content"": ""什么叫做好像，穿好衣服等我。""}, {""sex"": ""1"", ""content"": ""这时候就是来一句“多喝热水”""}], ""lock"": 1}"
"{""chat"": [{""sex"": ""2"", ""content"": ""我和我妈吵架呢""}, {""sex"": ""1"", ""content"": ""老婆和丈母娘之间，我好难选择啊。""}, {""sex"": ""1"", ""content"": ""打我一顿，然后回去和老妈好好说话！""}], ""lock"": 1}"
"{""chat"": [{""sex"": ""2"", ""content"": ""惹我生气了""}, {""sex"": ""1"", ""content"": ""那我能咋办嘛，只能好好哄你了。""}, {""sex"": ""1"", ""content"": ""不要生气啦，生气会变不好看的啦。""}], ""lock"": 1}"
"{""chat"": [{""sex"": ""2"", ""content"": ""你是哪儿的啊""}, {""sex"": ""1"", ""content"": ""这么快就开始打听自己以后要嫁哪吗。""}, {""sex"": ""1"", ""content"": ""查户口也不用这么直接吧。""}], ""lock"": 1}"
"{""chat"": [{""sex"": ""2"", ""content"": ""你懂的挺多的""}, {""sex"": ""1"", ""content"": ""一点点啦，毕竟我要照顾你。""}, {""sex"": ""1"", ""content"": ""穷人孩子早当家。""}], ""lock"": 1}"
"{""chat"": [{""sex"": ""2"", ""content"": ""笑死人不偿命""}, {""sex"": ""1"", ""content"": ""把我笑死了，那你以后就成寡妇了""}, {""sex"": ""1"", ""content"": ""笑一笑十年少，我帮你赚到了好不好。""}], ""lock"": 1}"
"{""chat"": [{""sex"": ""2"", ""content"": ""已经起来了""}, {""sex"": ""1"", ""content"": ""可我跌在你心里起不来了。""}, {""sex"": ""1"", ""content"": ""这么棒，竟然没有睡懒觉哦。""}], ""lock"": 1}"
"{""chat"": [{""sex"": ""2"", ""content"": ""你太好笑了""}, {""sex"": ""1"", ""content"": ""你笑的这么开心，我很欣慰啊。""}, {""sex"": ""1"", ""content"": ""为了逗你笑，我付出了太多了。""}], ""lock"": 1}"
"{""chat"": [{""sex"": ""2"", ""content"": ""就你这样""}, {""sex"": ""1"", ""content"": ""要是喜欢我这样的你可得早点下手，不然可就被别人抢走了哦。""}, {""sex"": ""1"", ""content"": ""我这样难道不是绝世极品好男人吗？""}], ""lock"": 1}"
"{""chat"": [{""sex"": ""2"", ""content"": ""我今天放假""}, {""sex"": ""1"", ""content"": ""那岂不是今天要约起来嘛？""}, {""sex"": ""1"", ""content"": ""放假好啊，放假就可以睡懒觉了。""}], ""lock"": 1}"
"{""chat"": [{""sex"": ""2"", ""content"": ""叫我大姐姐""}, {""sex"": ""1"", ""content"": ""好的，小仙女。""}, {""sex"": ""1"", ""content"": ""姐姐都叫老了，叫宝贝好了。""}], ""lock"": 1}"
"{""chat"": [{""sex"": ""2"", ""content"": ""叫姐吧""}, {""sex"": ""1"", ""content"": ""小姐姐，你要带我回家吗？""}, {""sex"": ""1"", ""content"": ""看来你喜欢姐弟恋。""}], ""lock"": 1}"
"{""chat"": [{""sex"": ""2"", ""content"": ""别说这种话""}, {""sex"": ""1"", ""content"": ""你是怕我把你的心给说跑了？""}, {""sex"": ""1"", ""content"": ""那你就用你的嘴，堵住我的嘴。""}], ""lock"": 1}"
"{""chat"": [{""sex"": ""2"", ""content"": ""我说话不算数""}, {""sex"": ""1"", ""content"": ""我会让你为自己的说话不算数付出代价的""}, {""sex"": ""1"", ""content"": ""说话不算数还这么嚣张啊？""}], ""lock"": 1}"
"{""chat"": [{""sex"": ""2"", ""content"": ""我好酸""}, {""sex"": ""1"", ""content"": ""你身上都快挂满柠檬了。""}, {""sex"": ""1"", ""content"": ""我很甜，酸酸甜甜真配。""}], ""lock"": 1}"
"{""chat"": [{""sex"": ""2"", ""content"": ""不敢打扰你""}, {""sex"": ""1"", ""content"": ""我巴不得你天天打扰我。""}, {""sex"": ""1"", ""content"": ""你那不叫打扰，叫例行公事。""}], ""lock"": 1}"
"{""chat"": [{""sex"": ""2"", ""content"": ""你可有空？""}, {""sex"": ""1"", ""content"": ""只要你想我，我随时都有空。""}, {""sex"": ""1"", ""content"": ""你看我对你什么时候没空过。""}], ""lock"": 1}"
"{""chat"": [{""sex"": ""2"", ""content"": ""命没那么好""}, {""sex"": ""1"", ""content"": ""既然觉得现在不够好那就要努力去改变。""}, {""sex"": ""1"", ""content"": ""想逆天改命吗？做我太太命很好。""}], ""lock"": 1}"
"{""chat"": [{""sex"": ""2"", ""content"": ""你污吗？""}, {""sex"": ""1"", ""content"": ""你来试试不就知道我污不污了。""}, {""sex"": ""1"", ""content"": ""人不污枉少年啊""}], ""lock"": 1}"
"{""chat"": [{""sex"": ""2"", ""content"": ""饿着呢""}, {""sex"": ""1"", ""content"": ""还不去吃饭，是想把我的小仙女饿坏吗？""}, {""sex"": ""1"", ""content"": ""难道你是在等我喂你吃饭吗？""}], ""lock"": 1}"
"{""chat"": [{""sex"": ""2"", ""content"": ""我不叫了""}, {""sex"": ""1"", ""content"": ""多好听啊，干嘛不叫。""}, {""sex"": ""1"", ""content"": ""那好吧，你不想叫就不叫好了。""}], ""lock"": 1}"
"{""chat"": [{""sex"": ""2"", ""content"": ""你太不了解我了""}, {""sex"": ""1"", ""content"": ""不和我在一起，我怎么了解你。""}, {""sex"": ""1"", ""content"": ""那你愿意给我一个了解你的机会吗。""}], ""lock"": 1}"
"{""chat"": [{""sex"": ""2"", ""content"": ""还有什么？""}, {""sex"": ""1"", ""content"": ""还有一个喜欢你的心啊。""}, {""sex"": ""1"", ""content"": ""你想要的，我都有。""}], ""lock"": 1}"
"{""chat"": [{""sex"": ""2"", ""content"": ""嘿嘿这么好""}, {""sex"": ""1"", ""content"": ""对你肯定得这么好啊。""}, {""sex"": ""1"", ""content"": ""我一直都这么好。""}], ""lock"": 1}"
"{""chat"": [{""sex"": ""2"", ""content"": ""你是什么类型""}, {""sex"": ""1"", ""content"": ""我难道不是你喜欢的类型嘛""}, {""sex"": ""1"", ""content"": ""我是你男朋友这类型的""}], ""lock"": 1}"
"{""chat"": [{""sex"": ""2"", ""content"": ""我不是主动的人""}, {""sex"": ""1"", ""content"": ""那我主动了，能有故事吗。""}, {""sex"": ""1"", ""content"": ""因为你怕主动了，得不到回应。""}], ""lock"": 1}"
"{""chat"": [{""sex"": ""2"", ""content"": ""打招呼语""}, {""sex"": ""1"", ""content"": ""我想认识你，但我觉得没有好的方法，所以就直接过来跟你打个招呼""}, {""sex"": ""1"", ""content"": ""刚才我在想要怎样跟你打个招呼，认识一下，你可能会觉得这很老土，但我真的觉得你挺漂亮的。""}], ""lock"": 1}"
"{""chat"": [{""sex"": ""2"", ""content"": ""向美女打招呼""}, {""sex"": ""1"", ""content"": ""这么好看的女孩子不打招呼太对不起我自己了""}, {""sex"": ""1"", ""content"": ""小姐姐我好像听到你在呼唤我""}], ""lock"": 1}"
"{""chat"": [{""sex"": ""2"", ""content"": ""加QQ好友打招呼""}, {""sex"": ""1"", ""content"": ""网络一线牵，相逢即是缘！""}, {""sex"": ""1"", ""content"": ""手控制不住的想和你打招呼，你好呀。""}], ""lock"": 1}"
"{""chat"": [{""sex"": ""2"", ""content"": ""想喝""}, {""sex"": ""1"", ""content"": ""想喝就喝，不用顾虑那么多""}, {""sex"": ""1"", ""content"": ""我也想喝，我们一起去喝好不好？""}], ""lock"": 1}"
"{""chat"": [{""sex"": ""2"", ""content"": ""我竟无话可说""}, {""sex"": ""1"", ""content"": ""有那么喜欢我吗？都没有办法说出话了""}, {""sex"": ""1"", ""content"": ""可我有 fuck 可说""}], ""lock"": 1}"
"{""chat"": [{""sex"": ""2"", ""content"": ""我找别的小哥哥去了""}, {""sex"": ""1"", ""content"": ""你敢找别的小哥哥，我就敢找别的小姐姐！""}, {""sex"": ""1"", ""content"": ""但是像我这么帅的小哥哥，已经没有了吧。""}], ""lock"": 1}"
"{""chat"": [{""sex"": ""2"", ""content"": ""姑娘不喜欢聊天""}, {""sex"": ""1"", ""content"": ""看来你喜欢面对面交流""}, {""sex"": ""1"", ""content"": ""那不妨出来散散步？""}], ""lock"": 1}"
"{""chat"": [{""sex"": ""2"", ""content"": ""我也是没办法""}, {""sex"": ""1"", ""content"": ""没办法就找我帮忙啊，我可以帮你想办法的。""}, {""sex"": ""1"", ""content"": ""肯定有办法的，不要这么消极。""}], ""lock"": 1}"
"{""chat"": [{""sex"": ""2"", ""content"": ""没人性""}, {""sex"": ""1"", ""content"": ""人性是什么，谁也说不清楚""}, {""sex"": ""1"", ""content"": ""如果你还觉得人性本善那就是你太天真了""}], ""lock"": 1}"
"{""chat"": [{""sex"": ""2"", ""content"": ""你什么时候上班""}, {""sex"": ""1"", ""content"": ""我也想上班啊，在家里都要发霉了。""}, {""sex"": ""1"", ""content"": ""下周应该就可以上班了。""}], ""lock"": 1}"
"{""chat"": [{""sex"": ""2"", ""content"": ""睡觉没？""}, {""sex"": ""1"", ""content"": ""你都还没睡，我怎么敢入睡。""}, {""sex"": ""1"", ""content"": ""等你睡了我再睡。""}], ""lock"": 1}"
"{""chat"": [{""sex"": ""2"", ""content"": ""疼死啦""}, {""sex"": ""1"", ""content"": ""我给你揉一揉呼一呼好不好？""}, {""sex"": ""1"", ""content"": ""看到你疼我觉得好心疼啊。""}], ""lock"": 1}"
"{""chat"": [{""sex"": ""2"", ""content"": ""你还没睡觉吗""}, {""sex"": ""1"", ""content"": ""你的晚安，还没收到呢。""}, {""sex"": ""1"", ""content"": ""满脑子都是你，怎么睡啊。""}], ""lock"": 1}"
"{""chat"": [{""sex"": ""2"", ""content"": ""好想回到过去""}, {""sex"": ""1"", ""content"": ""但是过去回不去了，只能过好当下了。""}, {""sex"": ""1"", ""content"": ""要是能回到过去就好了，我会早点遇见你。""}], ""lock"": 1}"
"{""chat"": [{""sex"": ""2"", ""content"": ""打死你。""}, {""sex"": ""1"", ""content"": ""这百八十斤的肥膘是你能撼动的？""}, {""sex"": ""1"", ""content"": ""小仙女是不可以打人的""}], ""lock"": 1}"
"{""chat"": [{""sex"": ""2"", ""content"": ""说点好听的我就回来了""}, {""sex"": ""1"", ""content"": ""我怕说的太好听，你会迫不及待的回来。""}, {""sex"": ""1"", ""content"": ""你都这么好看了，还用我说吗？""}], ""lock"": 1}"
"{""chat"": [{""sex"": ""2"", ""content"": ""够假的""}, {""sex"": ""1"", ""content"": ""我是那种会糊弄你的人吗？当然不是！""}, {""sex"": ""1"", ""content"": ""我发四，要是假的我就做不成你男朋友，换你做我女朋友。""}], ""lock"": 1}"
"{""chat"": [{""sex"": ""2"", ""content"": ""我不会炒菜""}, {""sex"": ""1"", ""content"": ""这时候你就需要一个像我一样会炒菜的男朋友了。""}, {""sex"": ""1"", ""content"": ""不能尝到你的手艺真的太可惜了。""}], ""lock"": 1}"
"{""chat"": [{""sex"": ""2"", ""content"": ""谁都不想跟谁在一起""}, {""sex"": ""1"", ""content"": ""可是我想跟你在一起。""}, {""sex"": ""1"", ""content"": ""你只是从前不想，未必今后就不想。""}], ""lock"": 1}"
"{""chat"": [{""sex"": ""2"", ""content"": ""在干吗呢？""}, {""sex"": ""1"", ""content"": ""咋的，想来找我吗？""}, {""sex"": ""1"", ""content"": ""干嘛？查岗呢？""}], ""lock"": 1}"
"{""chat"": [{""sex"": ""2"", ""content"": ""不会相信你了""}, {""sex"": ""1"", ""content"": ""人与人之间要互相信任对不对，不可以不相信我。""}, {""sex"": ""1"", ""content"": ""你这样怀疑我，我会很伤心的。""}], ""lock"": 1}"
"{""chat"": [{""sex"": ""2"", ""content"": ""那晚安咯""}, {""sex"": ""1"", ""content"": ""不要太想我哦，不然会睡不着的""}, {""sex"": ""1"", ""content"": ""这么牵挂我，我都不好意思了""}], ""lock"": 1}"
"{""chat"": [{""sex"": ""2"", ""content"": ""你觉得我们会在一起吗""}, {""sex"": ""1"", ""content"": ""我觉得会，一定会！""}, {""sex"": ""1"", ""content"": ""不试试怎么知道呢。""}], ""lock"": 1}"
"{""chat"": [{""sex"": ""2"", ""content"": ""你觉得现实吗""}, {""sex"": ""1"", ""content"": ""很多原本觉得不现实的事到最后都变成了现实。""}, {""sex"": ""1"", ""content"": ""只要相信，就有可能成为现实。""}], ""lock"": 1}"
"{""chat"": [{""sex"": ""2"", ""content"": ""睡什么睡""}, {""sex"": ""1"", ""content"": ""我难道还能睡你不成？""}, {""sex"": ""1"", ""content"": ""梦里没有你，不睡了!!""}], ""lock"": 1}"
"{""chat"": [{""sex"": ""2"", ""content"": ""你不睡觉啦""}, {""sex"": ""1"", ""content"": ""我们这种神仙是不需要睡觉的。""}, {""sex"": ""1"", ""content"": ""你都还没睡，我怎么能先睡呢？""}], ""lock"": 1}"
"{""chat"": [{""sex"": ""2"", ""content"": ""就好""}, {""sex"": ""1"", ""content"": ""怎么就好？你说清楚点呀。""}, {""sex"": ""1"", ""content"": ""我也觉得咱们在一起很好。""}], ""lock"": 1}"
"{""chat"": [{""sex"": ""2"", ""content"": ""今天想我了吗""}, {""sex"": ""1"", ""content"": ""你就没有从我的脑袋里离开过。""}, {""sex"": ""1"", ""content"": ""本来想偷偷想你的，既然你问了，只好光明正大地想了。""}], ""lock"": 1}"
"{""chat"": [{""sex"": ""2"", ""content"": ""你咋这么自信""}, {""sex"": ""1"", ""content"": ""毕竟是老天爷给我的，就是这么自信。""}, {""sex"": ""1"", ""content"": ""要是没自信怎么喜欢你呢。""}], ""lock"": 1}"
"{""chat"": [{""sex"": ""2"", ""content"": ""等几分钟""}, {""sex"": ""1"", ""content"": ""就只是等几分钟而已吗？""}, {""sex"": ""1"", ""content"": ""我感觉我会度过漫长的时间。""}], ""lock"": 1}"
"{""chat"": [{""sex"": ""2"", ""content"": ""我是闹钟嘛""}, {""sex"": ""1"", ""content"": ""对啊，每天叫醒我的不是闹钟而是对你的想念。""}, {""sex"": ""1"", ""content"": ""那你能不能每天叫我起床？""}], ""lock"": 1}"
"{""chat"": [{""sex"": ""2"", ""content"": ""我们去哪里""}, {""sex"": ""1"", ""content"": ""你想去哪我们就去哪，我都听你的。""}, {""sex"": ""1"", ""content"": ""先不告诉你去哪，到时候给你一个惊喜。""}], ""lock"": 1}"
"{""chat"": [{""sex"": ""2"", ""content"": ""我好饿哦""}, {""sex"": ""1"", ""content"": ""要不要我来给你煮点好吃的？""}, {""sex"": ""1"", ""content"": ""正好我也没吃，要不一起？""}], ""lock"": 1}"
"{""chat"": [{""sex"": ""2"", ""content"": ""约我啊""}, {""sex"": ""1"", ""content"": ""那你同意被我约了吗？""}, {""sex"": ""1"", ""content"": ""正在行动，你可以稍微等等。""}], ""lock"": 1}"
"{""chat"": [{""sex"": ""2"", ""content"": ""我觉得你太可爱了""}, {""sex"": ""1"", ""content"": ""那小仙女跟我聊天应该挺开心的吧""}, {""sex"": ""1"", ""content"": ""我觉得你更可爱，我都找不到比你更可爱的女孩子了""}], ""lock"": 1}"
"{""chat"": [{""sex"": ""2"", ""content"": ""肚肚痛""}, {""sex"": ""1"", ""content"": ""我在你旁边就可以搓搓手给你捂捂。""}, {""sex"": ""1"", ""content"": ""怎么回事，是不是今天吃了什么不干净的东西？""}], ""lock"": 1}"
"{""chat"": [{""sex"": ""2"", ""content"": ""现在不想谈感情""}, {""sex"": ""1"", ""content"": ""看来你是个有故事的女同学哦。""}, {""sex"": ""1"", ""content"": ""那我先排队，等你想谈感情的时候要第一时间找我。""}], ""lock"": 1}"
"{""chat"": [{""sex"": ""2"", ""content"": ""啥都想买""}, {""sex"": ""1"", ""content"": ""但是啥都买不起！""}, {""sex"": ""1"", ""content"": ""那我们还是想一想比较好。""}], ""lock"": 1}"
"{""chat"": [{""sex"": ""2"", ""content"": ""你近视吗""}, {""sex"": ""1"", ""content"": ""我眼中的你是很清晰的好不好。""}, {""sex"": ""1"", ""content"": ""不会啊，为了能好好看你我都很用心保护眼睛""}], ""lock"": 1}"
"{""chat"": [{""sex"": ""2"", ""content"": ""爱值几个钱？""}, {""sex"": ""1"", ""content"": ""爱是无价的，不能用钱来衡量。""}, {""sex"": ""1"", ""content"": ""你给我一块钱，我把我的爱给你。""}], ""lock"": 1}"
"{""chat"": [{""sex"": ""2"", ""content"": ""喜欢可爱""}, {""sex"": ""1"", ""content"": ""好像女孩子都对可爱没有什么抵抗力呢""}, {""sex"": ""1"", ""content"": ""我这么可爱，你肯定也喜欢吧""}], ""lock"": 1}"
"{""chat"": [{""sex"": ""2"", ""content"": ""我长的怎样""}, {""sex"": ""1"", ""content"": ""长得一般吧，不过做我老婆还是可以的。""}, {""sex"": ""1"", ""content"": ""我已经没有什么语言可以说出对你的喜欢了。""}], ""lock"": 1}"
"{""chat"": [{""sex"": ""2"", ""content"": ""喜欢这个表情""}, {""sex"": ""1"", ""content"": ""我还是比较喜欢你。""}, {""sex"": ""1"", ""content"": ""那我扮这个表情是不是能喜欢我呢。""}], ""lock"": 1}"
"{""chat"": [{""sex"": ""2"", ""content"": ""你吃了没？""}, {""sex"": ""1"", ""content"": ""没有，你要请我吃吗？""}, {""sex"": ""1"", ""content"": ""没有你在旁边，什么都吃不下""}], ""lock"": 1}"
"{""chat"": [{""sex"": ""2"", ""content"": ""吃晚饭了没？""}, {""sex"": ""1"", ""content"": ""还没呢？你要和我一起吃吗？""}, {""sex"": ""1"", ""content"": ""在这种时刻，方便面就可以了。""}], ""lock"": 1}"
"{""chat"": [{""sex"": ""2"", ""content"": ""胃疼，""}, {""sex"": ""1"", ""content"": ""是不是没有按时吃饭，家里有没有胃药呀？""}, {""sex"": ""1"", ""content"": ""你能不能好好照顾自己，总让人这么担心。""}], ""lock"": 1}"
"{""chat"": [{""sex"": ""2"", ""content"": ""你为什么不给我发信息""}, {""sex"": ""1"", ""content"": ""因为我在等你的消息啊。""}, {""sex"": ""1"", ""content"": ""我怕你在忙，给你发消息会打扰到你。""}], ""lock"": 1}"
"{""chat"": [{""sex"": ""2"", ""content"": ""春花""}, {""sex"": ""1"", ""content"": ""春天的花儿再美也比不上你这朵花。""}, {""sex"": ""1"", ""content"": ""春花配美人，有你在的地方景色才是最美的。""}], ""lock"": 1}"
"{""chat"": [{""sex"": ""2"", ""content"": ""春眠不觉晓""}, {""sex"": ""1"", ""content"": ""处处闻啼鸟。""}, {""sex"": ""1"", ""content"": ""春天终于来了呀。""}], ""lock"": 1}"
"{""chat"": [{""sex"": ""2"", ""content"": ""叫女朋友起床吃早餐""}, {""sex"": ""1"", ""content"": ""再不起床，太阳公公就要把你的早餐吃啦""}, {""sex"": ""1"", ""content"": ""小懒虫还在跟床作斗争吗""}], ""lock"": 1}"
"{""chat"": [{""sex"": ""2"", ""content"": ""这么早起来干嘛""}, {""sex"": ""1"", ""content"": ""不知道，就是想早点起床而已。""}, {""sex"": ""1"", ""content"": ""早点起来想你啊！""}], ""lock"": 1}"
"{""chat"": [{""sex"": ""2"", ""content"": ""我才醒呢""}, {""sex"": ""1"", ""content"": ""小懒猪，睡到这么晚才醒呀。""}, {""sex"": ""1"", ""content"": ""醒了赶紧起来吃早饭啦，肯定饿了吧。""}], ""lock"": 1}"
"{""chat"": [{""sex"": ""2"", ""content"": ""还行吧、""}, {""sex"": ""1"", ""content"": ""只是还行啊，看来还要继续你努力才行。""}, {""sex"": ""1"", ""content"": ""看来小仙女的要求很高哦。""}], ""lock"": 1}"
"{""chat"": [{""sex"": ""2"", ""content"": ""没人陪我过七夕""}, {""sex"": ""1"", ""content"": ""那你来陪我过七夕。""}, {""sex"": ""1"", ""content"": ""我这么一个大活人，你没看到？""}], ""lock"": 1}"
"{""chat"": [{""sex"": ""2"", ""content"": ""哭笑哭笑哭笑""}, {""sex"": ""1"", ""content"": ""从前有个傻瓜哭着哭着就笑了，笑着笑着就哭了""}, {""sex"": ""1"", ""content"": ""哭吧笑吧，你的骄傲放纵""}], ""lock"": 1}"
"{""chat"": [{""sex"": ""2"", ""content"": ""吃的白白胖胖的""}, {""sex"": ""1"", ""content"": ""看来伙食不错嘛""}, {""sex"": ""1"", ""content"": ""白白胖胖的很讨人喜欢啊""}], ""lock"": 1}"
"{""chat"": [{""sex"": ""2"", ""content"": ""形象是啥""}, {""sex"": ""1"", ""content"": ""这个问题问的好，其实我也不知道。""}, {""sex"": ""1"", ""content"": ""形象就像我的脸一样。""}], ""lock"": 1}"
"{""chat"": [{""sex"": ""2"", ""content"": ""你不服吗""}, {""sex"": ""1"", ""content"": ""你有本事让我心服口服呀！""}, {""sex"": ""1"", ""content"": ""我不扶墙都要服你。""}], ""lock"": 1}"
"{""chat"": [{""sex"": ""2"", ""content"": ""又哭了""}, {""sex"": ""1"", ""content"": ""小仙女别哭，眼睛哭红了就变小兔子了。""}, {""sex"": ""1"", ""content"": ""我想看你一直开开心心的，不要哭好吗？""}], ""lock"": 1}"
"{""chat"": [{""sex"": ""2"", ""content"": ""我都吓哭了""}, {""sex"": ""1"", ""content"": ""不哭不哭，我会好好保护你的。""}, {""sex"": ""1"", ""content"": ""哭鼻子可不是好的习惯呦。""}], ""lock"": 1}"
"{""chat"": [{""sex"": ""2"", ""content"": ""真的可怜""}, {""sex"": ""1"", ""content"": ""这么可怜，你也不安慰安慰我。""}, {""sex"": ""1"", ""content"": ""我需要一个爱的抱抱。""}], ""lock"": 1}"
"{""chat"": [{""sex"": ""2"", ""content"": ""难道是我不够可爱""}, {""sex"": ""1"", ""content"": ""像你这么可爱的已经不多见了好不好。""}, {""sex"": ""1"", ""content"": ""怎么可能不够可爱，你再可爱下去就可爱到爆了。""}], ""lock"": 1}"
"{""chat"": [{""sex"": ""2"", ""content"": ""忙啥呀""}, {""sex"": ""1"", ""content"": ""我在思考怎么回答你这个漂亮女孩的问题。""}, {""sex"": ""1"", ""content"": ""没有在忙，正在想要跟你聊些什么呢。""}], ""lock"": 1}"
"{""chat"": [{""sex"": ""2"", ""content"": ""花茶""}, {""sex"": ""1"", ""content"": ""听说喝花茶可以美容养颜哦""}, {""sex"": ""1"", ""content"": ""喝了花茶是不是就变得像花儿一样美了""}], ""lock"": 1}"
"{""chat"": [{""sex"": ""2"", ""content"": ""我们很配""}, {""sex"": ""1"", ""content"": ""那就让国家为我们的登对盖个章吧。""}, {""sex"": ""1"", ""content"": ""小猪佩奇我配你。""}], ""lock"": 1}"
"{""chat"": [{""sex"": ""2"", ""content"": ""想你干嘛呢？""}, {""sex"": ""1"", ""content"": ""我想你半天，你竟然说干嘛想我，你好伤我心啊。""}, {""sex"": ""1"", ""content"": ""偶尔想下呗，兴许还能带你去吃好吃的""}], ""lock"": 1}"
"{""chat"": [{""sex"": ""2"", ""content"": ""我没有吧""}, {""sex"": ""1"", ""content"": ""没关系，现在你就有了。""}, {""sex"": ""1"", ""content"": ""那你说说你什么没有啊。""}], ""lock"": 1}"
"{""chat"": [{""sex"": ""2"", ""content"": ""没有吧""}, {""sex"": ""1"", ""content"": ""这个“吧”太意味深长了。""}, {""sex"": ""2"", ""content"": ""哈哈哈哈。""}, {""sex"": ""1"", ""content"": ""你再好好想想，有就是有没有就是没有，不要没有吧。""}], ""lock"": 1}"
"{""chat"": [{""sex"": ""2"", ""content"": ""没听说""}, {""sex"": ""1"", ""content"": ""那就让我来第一个告诉你吧""}, {""sex"": ""1"", ""content"": ""竟然没听说，你果然是住在仙界的仙女""}], ""lock"": 1}"
"{""chat"": [{""sex"": ""2"", ""content"": ""起的好早""}, {""sex"": ""1"", ""content"": ""早起可以跟小仙女聊天呀。""}, {""sex"": ""1"", ""content"": ""一日之计在于晨，所以早上我都不睡懒觉。""}], ""lock"": 1}"
"{""chat"": [{""sex"": ""2"", ""content"": ""刚才洗澡呢""}, {""sex"": ""1"", ""content"": ""你放心吧，我没有偷看你。""}, {""sex"": ""1"", ""content"": ""洗澡不好打字，要不视频？""}], ""lock"": 1}"
"{""chat"": [{""sex"": ""2"", ""content"": ""什么好心情""}, {""sex"": ""1"", ""content"": ""一跟你聊天就有好心情了。""}, {""sex"": ""1"", ""content"": ""跟喜欢的人做什么都会有好心情呀。""}], ""lock"": 1}"
"{""chat"": [{""sex"": ""2"", ""content"": ""没啥好玩""}, {""sex"": ""1"", ""content"": ""这个还是得看你想玩点啥了。""}, {""sex"": ""1"", ""content"": ""恋爱游戏，你想不想要玩。""}], ""lock"": 1}"
"{""chat"": [{""sex"": ""2"", ""content"": ""你的眼睛真好看""}, {""sex"": ""1"", ""content"": ""那是因为我的眼中有你啊""}, {""sex"": ""1"", ""content"": ""也不看看是拿来看谁的。""}], ""lock"": 1}"
"{""chat"": [{""sex"": ""2"", ""content"": ""怎么进步""}, {""sex"": ""1"", ""content"": ""我们手牵手一起向前进呀。""}, {""sex"": ""1"", ""content"": ""只要努力就一定会进步的，我们一起加油。""}], ""lock"": 1}"
"{""chat"": [{""sex"": ""2"", ""content"": ""很少玩这个软件""}, {""sex"": ""1"", ""content"": ""那我们加一下微信吧，这样才方便聊天呀""}, {""sex"": ""1"", ""content"": ""我也不怎么玩这个软件，都是为了跟你聊天才上线的""}], ""lock"": 1}"
"{""chat"": [{""sex"": ""2"", ""content"": ""心情失落""}, {""sex"": ""1"", ""content"": ""怎么啦？是不是因为没有我陪在你身边？""}, {""sex"": ""1"", ""content"": ""要是我在你身边就好了，你心情失落的时候我能给你一个拥抱。""}], ""lock"": 1}"
"{""chat"": [{""sex"": ""2"", ""content"": ""在工地""}, {""sex"": ""1"", ""content"": ""小仙女怎么可以去这么危险的地方呢？""}, {""sex"": ""1"", ""content"": ""那你要带好安全头盔啊，安全第一。""}], ""lock"": 1}"
"{""chat"": [{""sex"": ""2"", ""content"": ""还是瘦点好看""}, {""sex"": ""1"", ""content"": ""只要是你，怎么样都是好看的。""}, {""sex"": ""1"", ""content"": ""你觉得好看，我就觉得好看。""}], ""lock"": 1}"
"{""chat"": [{""sex"": ""2"", ""content"": ""那你上课吧""}, {""sex"": ""1"", ""content"": ""好，我会一边听课一边想你的。""}, {""sex"": ""1"", ""content"": ""等我，我上完课就来找你。""}], ""lock"": 1}"
"{""chat"": [{""sex"": ""2"", ""content"": ""没毛病啊""}, {""sex"": ""1"", ""content"": ""有毛病就坏了""}, {""sex"": ""1"", ""content"": ""废话，我说话的时候什么有毛病过？""}], ""lock"": 1}"
"{""chat"": [{""sex"": ""2"", ""content"": ""摸腹肌""}, {""sex"": ""1"", ""content"": ""手伸过来，保证让你摸得满意。""}, {""sex"": ""1"", ""content"": ""摸了我的腹肌你就要对我负责了。""}], ""lock"": 1}"
"{""chat"": [{""sex"": ""2"", ""content"": ""叫了外卖""}, {""sex"": ""1"", ""content"": ""以后我给你做饭，你就不用点外卖了。""}, {""sex"": ""1"", ""content"": ""外卖不健康，少吃点好不好？""}], ""lock"": 1}"
"{""chat"": [{""sex"": ""2"", ""content"": ""咦呦  会说话哦""}, {""sex"": ""1"", ""content"": ""那必须的，不然怎么哄岳母呢。""}, {""sex"": ""1"", ""content"": ""我可不只会说话而已。""}], ""lock"": 1}"
"{""chat"": [{""sex"": ""2"", ""content"": ""你知道我的名字吗""}, {""sex"": ""1"", ""content"": ""如果你愿意告诉我，我不就知道了吗""}, {""sex"": ""1"", ""content"": ""我肯定不会说不知道的啦。""}], ""lock"": 1}"
"{""chat"": [{""sex"": ""2"", ""content"": ""不骗""}, {""sex"": ""1"", ""content"": ""嗯嗯，我相信小仙女是不会骗我的""}, {""sex"": ""1"", ""content"": ""你要是骗我可就是小猪猪了哦""}], ""lock"": 1}"
"{""chat"": [{""sex"": ""2"", ""content"": ""不好骗""}, {""sex"": ""1"", ""content"": ""要是好骗我也不会出现在这里。""}, {""sex"": ""1"", ""content"": ""我也没有打算骗你啊。""}], ""lock"": 1}"
"{""chat"": [{""sex"": ""2"", ""content"": ""好累噢""}, {""sex"": ""1"", ""content"": ""我要是在你身边，就可以帮你揉揉肩捶捶背了。""}, {""sex"": ""1"", ""content"": ""赶快放松一下，别把我的小仙女给累坏了。""}], ""lock"": 1}"
"{""chat"": [{""sex"": ""2"", ""content"": ""你要不""}, {""sex"": ""1"", ""content"": ""只要你敢给我，我就敢要！""}, {""sex"": ""1"", ""content"": ""这时候不要白不要啊。""}], ""lock"": 1}"
"{""chat"": [{""sex"": ""2"", ""content"": ""今天真冷""}, {""sex"": ""1"", ""content"": ""躲在我心里吧，这暖和""}, {""sex"": ""1"", ""content"": ""来，给你一个大大的温暖的怀抱吧。""}], ""lock"": 1}"
"{""chat"": [{""sex"": ""2"", ""content"": ""我亏了""}, {""sex"": ""1"", ""content"": ""没事，剩下的我补偿给你""}, {""sex"": ""1"", ""content"": ""放心，我不会让你吃亏的。""}], ""lock"": 1}"
"{""chat"": [{""sex"": ""2"", ""content"": ""怎么突然说这个""}, {""sex"": ""1"", ""content"": ""我就是有点好奇了而已。""}, {""sex"": ""1"", ""content"": ""脑中灵光一闪，就想到了。""}], ""lock"": 1}"
"{""chat"": [{""sex"": ""2"", ""content"": ""爱是一道光""}, {""sex"": ""1"", ""content"": ""如此美妙，指引我们想要的未来~""}, {""sex"": ""1"", ""content"": ""你那道爱的光什么时候打到我身上？""}], ""lock"": 1}"
"{""chat"": [{""sex"": ""2"", ""content"": ""原来如此啊""}, {""sex"": ""1"", ""content"": ""看你回答的这么干脆利落就知道你没听懂。""}, {""sex"": ""1"", ""content"": ""不用崇拜我，我就是这样博学多才。""}], ""lock"": 1}"
"{""chat"": [{""sex"": ""2"", ""content"": ""夸你呢，忙的""}, {""sex"": ""1"", ""content"": ""夸没用，你应该给点实质性的东西""}, {""sex"": ""1"", ""content"": ""别夸了，给个亲亲就去忙吧。""}], ""lock"": 1}"
"{""chat"": [{""sex"": ""2"", ""content"": ""你好呀，你在干什么？""}, {""sex"": ""1"", ""content"": ""我呀，在等传说中的小仙女出现呀""}, {""sex"": ""1"", ""content"": ""小仙女从哪里来，要往哪里去呢""}], ""lock"": 1}"
"{""chat"": [{""sex"": ""2"", ""content"": ""瞌睡多""}, {""sex"": ""1"", ""content"": ""你是瞌睡虫，当然瞌睡多了。""}, {""sex"": ""1"", ""content"": ""怪我，晚上打扰你睡觉，白天害你打瞌睡。""}], ""lock"": 1}"
"{""chat"": [{""sex"": ""2"", ""content"": ""理由？""}, {""sex"": ""1"", ""content"": ""喜欢一个需要理由吗？""}, {""sex"": ""1"", ""content"": ""我做什么事情不一定都得有理由的。""}], ""lock"": 1}"
"{""chat"": [{""sex"": ""2"", ""content"": ""大哥你好""}, {""sex"": ""1"", ""content"": ""以后你就是我的人了，大哥罩着你。""}, {""sex"": ""1"", ""content"": ""我不做大哥都这么久了，你居然还记得。""}], ""lock"": 1}"
"{""chat"": [{""sex"": ""2"", ""content"": ""加我干嘛?""}, {""sex"": ""1"", ""content"": ""咦？我也不知道你什么时候出现在我的好友列表里了""}, {""sex"": ""1"", ""content"": ""加了才好开始我们之间的友谊呀""}], ""lock"": 1}"
"{""chat"": [{""sex"": ""2"", ""content"": ""这是事实嘛""}, {""sex"": ""1"", ""content"": ""事实就是如此不是吗！""}, {""sex"": ""1"", ""content"": ""或许这就是人生吧。""}], ""lock"": 1}"
"{""chat"": [{""sex"": ""2"", ""content"": ""复读""}, {""sex"": ""1"", ""content"": ""复读很辛苦的，你做好准备了吗？""}, {""sex"": ""1"", ""content"": ""加油，我会一直支持你的""}], ""lock"": 1}"
"{""chat"": [{""sex"": ""2"", ""content"": ""虐待狂""}, {""sex"": ""1"", ""content"": ""冤枉啊，我才不是那种人呢！""}, {""sex"": ""1"", ""content"": ""虐待狂的内心其实都是自卑的""}], ""lock"": 1}"
"{""chat"": [{""sex"": ""2"", ""content"": ""不会浪漫""}, {""sex"": ""1"", ""content"": ""你是喜欢玫瑰还是蜡烛，我给你制造浪漫呀。""}, {""sex"": ""1"", ""content"": ""最浪漫的就是听你说喜欢我。""}], ""lock"": 1}"
"{""chat"": [{""sex"": ""2"", ""content"": ""三个月了""}, {""sex"": ""1"", ""content"": ""不知不觉竟然认识了这么久了。""}, {""sex"": ""1"", ""content"": ""希望以后我们会有三年三十年。""}], ""lock"": 1}"
"{""chat"": [{""sex"": ""2"", ""content"": ""能不能正常说话""}, {""sex"": ""1"", ""content"": ""我怕是正常说话，你怕会迫不及待爱上我。""}, {""sex"": ""1"", ""content"": ""难不成你把我认为是神经病吗？""}], ""lock"": 1}"
"{""chat"": [{""sex"": ""2"", ""content"": ""你好会说话哟""}, {""sex"": ""1"", ""content"": ""我这么会说话也是为了让你开心啊。""}, {""sex"": ""1"", ""content"": ""还好的啦，我也就是一般般的啦。""}], ""lock"": 1}"
"{""chat"": [{""sex"": ""2"", ""content"": ""气到咬人""}, {""sex"": ""1"", ""content"": ""哇，那我得赶紧去打狂犬疫苗。""}, {""sex"": ""1"", ""content"": ""乖宝贝，咬人可不好，小仙女要有小仙女的范儿呀。""}], ""lock"": 1}"
"{""chat"": [{""sex"": ""2"", ""content"": ""你开玩笑了""}, {""sex"": ""1"", ""content"": ""对不起，我从不对我喜欢的人开玩笑。""}, {""sex"": ""1"", ""content"": ""你见过凡人和仙女开玩笑的嘛？""}], ""lock"": 1}"
"{""chat"": [{""sex"": ""2"", ""content"": ""你困你先睡""}, {""sex"": ""1"", ""content"": ""不要，我怎么可以一个人入睡呢。""}, {""sex"": ""1"", ""content"": ""我还没想够你，我不想睡。""}], ""lock"": 1}"
"{""chat"": [{""sex"": ""2"", ""content"": ""刚吃完晚饭""}, {""sex"": ""1"", ""content"": ""要不再来吃点吧？那么瘦。""}, {""sex"": ""1"", ""content"": ""吃什么好吃的，给我留点哦。""}], ""lock"": 1}"
"{""chat"": [{""sex"": ""2"", ""content"": ""那是你的事情""}, {""sex"": ""1"", ""content"": ""我的事情难道就不是你的事情吗。""}, {""sex"": ""1"", ""content"": ""我心里装着你，你说是我的事还是我们的事呢？""}], ""lock"": 1}"
"{""chat"": [{""sex"": ""2"", ""content"": ""那我相信你""}, {""sex"": ""1"", ""content"": ""给我个不相信我的理由呗。""}, {""sex"": ""1"", ""content"": ""我人在这，就是一个理由。""}], ""lock"": 1}"
"{""chat"": [{""sex"": ""2"", ""content"": ""过来洗碗""}, {""sex"": ""1"", ""content"": ""好好洗碗，努力做人。""}, {""sex"": ""1"", ""content"": ""难道以后我还要洗碗吗。""}], ""lock"": 1}"
"{""chat"": [{""sex"": ""2"", ""content"": ""要不要睡觉了""}, {""sex"": ""1"", ""content"": ""睡觉的时候可以说晚安吗？""}, {""sex"": ""1"", ""content"": ""你是准备和我一起做梦吗？""}], ""lock"": 1}"
"{""chat"": [{""sex"": ""2"", ""content"": ""我有点想哭""}, {""sex"": ""1"", ""content"": ""哭呗，我哄你就完事了。""}, {""sex"": ""1"", ""content"": ""别哭，我看着心疼。""}], ""lock"": 1}"
"{""chat"": [{""sex"": ""2"", ""content"": ""那么直接的""}, {""sex"": ""1"", ""content"": ""因为我不想和你拐弯抹角。""}, {""sex"": ""1"", ""content"": ""直接的说喜欢你不好吗？""}], ""lock"": 1}"
"{""chat"": [{""sex"": ""2"", ""content"": ""跟我没什么关系""}, {""sex"": ""1"", ""content"": ""那我喜欢你是不是有关系呢。""}, {""sex"": ""1"", ""content"": ""但是我觉得我和你还是有点关系的。""}], ""lock"": 1}"
"{""chat"": [{""sex"": ""2"", ""content"": ""伤感的""}, {""sex"": ""1"", ""content"": ""不想看你伤感，只想看你天天开心。""}, {""sex"": ""1"", ""content"": ""伤感的太影响心情了，还是来一些愉悦的吧。""}], ""lock"": 1}"
"{""chat"": [{""sex"": ""2"", ""content"": ""暂时不想找对象""}, {""sex"": ""1"", ""content"": ""那我可以提前预定你吗？""}, {""sex"": ""1"", ""content"": ""我又不是来处对象的，我是来找老婆的。""}], ""lock"": 1}"
"{""chat"": [{""sex"": ""2"", ""content"": ""很平凡""}, {""sex"": ""1"", ""content"": ""最平凡就是最不平凡""}, {""sex"": ""1"", ""content"": ""平凡没什么不好，毕竟大家都是普通人""}], ""lock"": 1}"
"{""chat"": [{""sex"": ""2"", ""content"": ""在家吃饭呢""}, {""sex"": ""1"", ""content"": ""那我是不是应该带个碗去你家。""}, {""sex"": ""1"", ""content"": ""不知道有没有幸可以吃到你煮的菜。""}], ""lock"": 1}"
"{""chat"": [{""sex"": ""2"", ""content"": ""我也在想你呀""}, {""sex"": ""1"", ""content"": ""想我的话，那你怕是得多想想了""}, {""sex"": ""1"", ""content"": ""那你得赶紧去睡觉，说不定还能梦到我呢""}], ""lock"": 1}"
"{""chat"": [{""sex"": ""2"", ""content"": ""记得就好""}, {""sex"": ""1"", ""content"": ""与你有关的一切我都认真记在心里了。""}, {""sex"": ""1"", ""content"": ""你放心，我是不可能忘记的。""}], ""lock"": 1}"
"{""chat"": [{""sex"": ""2"", ""content"": ""你记得吗""}, {""sex"": ""1"", ""content"": ""当然，跟你有关的事我都记得""}, {""sex"": ""1"", ""content"": ""怎么会不记得呢，我一直都记在心里呢""}], ""lock"": 1}"
"{""chat"": [{""sex"": ""2"", ""content"": ""对对对 你说的都对""}, {""sex"": ""1"", ""content"": ""看来我是得到了你的肯定啊""}, {""sex"": ""2"", ""content"": ""对啊""}, {""sex"": ""1"", ""content"": ""可你这语气，得到肯定我也觉得不高兴""}], ""lock"": 1}"
"{""chat"": [{""sex"": ""2"", ""content"": ""吃了个面包""}, {""sex"": ""1"", ""content"": ""吃个面包哪够？还是要乖乖吃饭才行啊。""}, {""sex"": ""1"", ""content"": ""先垫垫肚子是吗，那你一会要去吃什么好吃的呀？""}], ""lock"": 1}"
"{""chat"": [{""sex"": ""2"", ""content"": ""准备睡觉呢""}, {""sex"": ""1"", ""content"": ""那我准备一下进入你的梦境了。""}, {""sex"": ""1"", ""content"": ""我允许你在梦里想我""}], ""lock"": 1}"
"{""chat"": [{""sex"": ""2"", ""content"": ""多看看书""}, {""sex"": ""1"", ""content"": ""书中自有黄金屋，书中自有颜如玉。""}, {""sex"": ""1"", ""content"": ""看书就能让我懂你吗？""}], ""lock"": 1}"
"{""chat"": [{""sex"": ""2"", ""content"": ""你以为每个人男的都像你一样""}, {""sex"": ""1"", ""content"": ""搞得我不是男的一样。""}, {""sex"": ""1"", ""content"": ""我比较独特懂不懂。""}], ""lock"": 1}"
"{""chat"": [{""sex"": ""2"", ""content"": ""先吃饭去了""}, {""sex"": ""1"", ""content"": ""吃吧，好好吃饭天天长大。""}, {""sex"": ""1"", ""content"": ""吃啥好吃的，带着我一起呗。""}], ""lock"": 1}"
"{""chat"": [{""sex"": ""2"", ""content"": ""越来越丑""}, {""sex"": ""1"", ""content"": ""不准你这么说我心中的仙女""}, {""sex"": ""1"", ""content"": ""你是不是对自己有点太严格了？""}], ""lock"": 1}"
"{""chat"": [{""sex"": ""2"", ""content"": ""谢谢～""}, {""sex"": ""1"", ""content"": ""都是共产主义接班人，别这么见外。""}, {""sex"": ""1"", ""content"": ""说谢谢有用的话，还要餐馆干嘛。""}], ""lock"": 1}"
"{""chat"": [{""sex"": ""2"", ""content"": ""你真的好烦""}, {""sex"": ""1"", ""content"": ""我的名字叫雷锋，烦哦 是谁？""}, {""sex"": ""1"", ""content"": ""我也觉得我好烦，但是你太可爱了""}], ""lock"": 1}"
"{""chat"": [{""sex"": ""2"", ""content"": ""那么小""}, {""sex"": ""1"", ""content"": ""人小鬼大，可别小瞧我哦""}, {""sex"": ""1"", ""content"": ""年纪小而已，我心智很成熟的""}], ""lock"": 1}"
"{""chat"": [{""sex"": ""2"", ""content"": ""别人家的小仙女更可爱""}, {""sex"": ""1"", ""content"": ""我只要你这只小仙女。""}, {""sex"": ""1"", ""content"": ""别人家的再可爱也不是我的。""}], ""lock"": 1}"
"{""chat"": [{""sex"": ""2"", ""content"": ""有缘""}, {""sex"": ""1"", ""content"": ""有缘千里来相会！""}, {""sex"": ""1"", ""content"": ""缘分让我们相遇了。""}], ""lock"": 1}"
"{""chat"": [{""sex"": ""2"", ""content"": ""请滚""}, {""sex"": ""1"", ""content"": ""那我要滚进你心里去。""}, {""sex"": ""1"", ""content"": ""这个动作难度太大了，需要你跟我抱团一起滚才行。""}], ""lock"": 1}"
"{""chat"": [{""sex"": ""2"", ""content"": ""我不想网恋""}, {""sex"": ""1"", ""content"": ""那我们出来见面谈恋爱。""}, {""sex"": ""1"", ""content"": ""那我去找你，好不好？""}], ""lock"": 1}"
"{""chat"": [{""sex"": ""2"", ""content"": ""哭呢""}, {""sex"": ""1"", ""content"": ""哭鼻子可不是一个好习惯哟。""}, {""sex"": ""1"", ""content"": ""不哭不哭，等会儿哭丑了。""}], ""lock"": 1}"
"{""chat"": [{""sex"": ""2"", ""content"": ""你太会了""}, {""sex"": ""1"", ""content"": ""还有更多我会的，想知道吗？""}, {""sex"": ""1"", ""content"": ""最会做的事是喜欢你。""}], ""lock"": 1}"
"{""chat"": [{""sex"": ""2"", ""content"": ""别闹！""}, {""sex"": ""1"", ""content"": ""那你等会儿记得来我碗里。""}, {""sex"": ""1"", ""content"": ""我这不是闹，是在表达我的喜欢。""}], ""lock"": 1}"
"{""chat"": [{""sex"": ""2"", ""content"": ""跟你聊天就是开心""}, {""sex"": ""1"", ""content"": ""你开心了之后，我就开心了。""}, {""sex"": ""1"", ""content"": ""这么开心的聊天也是真好。""}], ""lock"": 1}"
"{""chat"": [{""sex"": ""2"", ""content"": ""我说了我们不合适""}, {""sex"": ""1"", ""content"": ""不试试怎么知道不合适呢！""}, {""sex"": ""1"", ""content"": ""我们之间星座八字全合怎么可能不合适呢。""}], ""lock"": 1}"
